178.09	-334.90
178.30	-334.90
178.52	-334.90
178.73	-345.14
178.95	-304.18
179.16	97.22
179.38	252.87
179.59	175.05
179.81	109.51
180.02	74.70
180.24	117.70
180.45	148.42
180.67	129.99
180.88	283.59
181.10	64.46
181.31	58.31
181.53	76.74
181.74	173.00
181.96	166.85
182.17	181.19
182.39	115.65
182.60	54.22
182.82	150.47
183.03	105.41
183.25	70.60
183.46	248.77
183.68	91.08
183.89	197.57
184.11	46.02
184.32	191.43
184.54	465.86
184.75	7.11
184.97	119.75
185.18	248.77
185.40	33.74
185.61	164.81
185.83	158.66
186.04	345.03
186.26	179.14
186.47	166.85
186.69	132.04
186.90	168.90
187.12	285.64
187.33	123.85
187.55	179.14
187.76	43.98
187.98	162.76
188.19	56.26
188.41	86.98
188.62	80.84
188.84	216.00
189.05	29.64
189.27	113.61
189.48	173.00
189.70	459.71
189.91	142.28
190.13	113.61
190.34	164.81
190.55	216.00
190.77	177.09
190.98	64.46
191.20	78.79
191.41	240.58
191.63	152.52
191.84	109.51
192.06	209.86
192.27	121.80
192.49	-31.80
192.70	95.17
192.92	283.59
193.13	-54.33
193.35	123.85
193.56	170.95
193.78	293.83
193.99	166.85
194.21	119.75
194.42	273.35
194.63	236.48
194.85	283.59
195.06	97.22
195.28	50.12
195.49	91.08
195.71	254.92
195.92	222.15
196.14	29.64
196.35	164.81
196.57	41.93
196.78	209.86
197.00	140.23
197.21	103.37
197.42	152.52
197.64	0.97
197.85	48.07
198.07	316.36
198.28	95.17
198.50	234.44
198.71	-76.85
198.93	-3.13
199.14	99.27
199.36	369.60
199.57	220.10
199.78	228.29
200.00	238.53
200.21	31.69
200.43	392.13
200.64	226.24
200.86	168.90
201.07	115.65
201.29	297.92
201.50	189.38
201.71	60.36
201.93	0.97
202.14	156.61
202.36	78.79
202.57	101.32
202.79	332.74
203.00	177.09
203.21	9.16
203.43	193.48
203.64	132.04
203.86	68.55
204.07	91.08
204.29	25.54
204.50	144.33
204.72	324.55
204.93	166.85
205.14	156.61
205.36	123.85
205.57	125.89
205.79	289.73
206.00	338.88
206.22	109.51
206.43	314.31
206.64	271.30
206.86	220.10
207.07	-46.14
207.29	152.52
207.50	322.50
207.72	224.20
207.93	25.54
208.14	218.05
208.36	105.41
208.57	-3.13
208.79	209.86
209.00	93.13
209.21	154.57
209.43	82.89
209.64	181.19
209.86	142.28
210.07	256.96
210.29	148.42
210.50	125.89
210.71	-5.18
210.93	115.65
211.14	287.68
211.36	236.48
211.57	144.33
211.78	302.02
212.00	-11.32
212.21	166.85
212.43	240.58
212.64	338.88
212.85	179.14
213.07	39.88
213.28	228.29
213.50	93.13
213.71	213.96
213.92	252.87
214.14	209.86
214.35	107.46
214.57	-39.99
214.78	148.42
214.99	189.38
215.21	297.92
215.42	240.58
215.64	320.45
215.85	82.89
216.06	154.57
216.28	177.09
216.49	265.16
216.71	191.43
216.92	173.00
217.13	199.62
217.35	82.89
217.56	218.05
217.78	187.33
217.99	228.29
218.20	113.61
218.42	86.98
218.63	222.15
218.84	80.84
219.06	97.22
219.27	168.90
219.49	158.66
219.70	304.07
219.91	265.16
220.13	209.86
220.34	248.77
220.56	117.70
220.77	84.93
220.98	82.89
221.20	263.11
221.41	156.61
221.62	160.71
221.84	263.11
222.05	269.25
222.27	265.16
222.48	-46.14
222.69	152.52
222.91	173.00
223.12	105.41
223.33	33.74
223.55	510.91
223.76	173.00
223.97	177.09
224.19	164.81
224.40	127.94
224.62	213.96
224.83	367.55
225.04	312.26
225.26	435.14
225.47	76.74
225.68	187.33
225.90	324.55
226.11	234.44
226.32	242.63
226.54	97.22
226.75	103.37
226.97	263.11
227.18	93.13
227.39	369.60
227.61	152.52
227.82	312.26
228.03	199.62
228.25	277.44
228.46	226.24
228.67	420.80
228.89	316.36
229.10	125.89
229.31	365.51
229.53	187.33
229.74	58.31
229.95	295.88
230.17	238.53
230.38	345.03
230.59	357.31
230.81	244.68
231.02	222.15
231.24	398.27
231.45	275.40
231.66	17.35
231.88	189.38
232.09	295.88
232.30	181.19
232.52	127.94
232.73	207.81
232.94	216.00
233.16	295.88
233.37	189.38
233.58	62.41
233.80	256.96
234.01	332.74
234.22	420.80
234.44	340.93
234.65	385.99
234.86	312.26
235.08	361.41
235.29	170.95
235.50	508.86
235.72	394.18
235.93	162.76
236.14	242.63
236.35	424.90
236.57	310.21
236.78	304.07
236.99	220.10
237.21	420.80
237.42	179.14
237.63	326.60
237.85	185.29
238.06	385.99
238.27	410.56
238.49	201.67
238.70	175.05
238.91	369.60
239.13	150.47
239.34	256.96
239.55	404.42
239.77	240.58
239.98	314.31
240.19	365.51
240.40	396.23
240.62	361.41
240.83	388.03
241.04	371.65
241.26	299.97
241.47	449.47
241.68	355.27
241.90	306.12
242.11	342.98
242.32	598.98
242.54	181.19
242.75	449.47
242.96	398.27
243.17	394.18
243.39	402.37
243.60	437.19
243.81	373.70
244.03	588.74
244.24	531.39
244.45	322.50
244.66	562.11
244.88	535.49
245.09	394.18
245.30	306.12
245.52	330.69
245.73	355.27
245.94	375.75
246.15	318.40
246.37	629.69
246.58	218.05
246.79	484.29
247.01	492.48
247.22	439.23
247.43	414.66
247.64	598.98
247.86	498.62
248.07	582.59
248.28	371.65
248.50	551.87
248.71	662.46
248.92	795.58
249.13	601.02
249.35	570.30
249.56	682.94
249.77	734.14
249.99	854.97
250.20	641.98
250.41	768.96
250.62	768.96
250.84	596.93
251.05	740.28
251.26	986.04
251.47	814.01
251.69	957.37
251.90	889.79
252.11	1031.10
252.32	1133.49
252.54	1246.13
252.75	1291.19
252.96	1518.51
253.18	1541.04
253.39	2050.98
253.60	2950.04
253.81	5587.83
254.03	11506.46
254.24	20161.17
254.45	30413.30
254.66	38975.86
254.88	44990.75
255.09	46852.35
255.30	47118.59
255.51	44714.27
255.73	38177.15
255.94	30151.16
256.15	21318.27
256.36	13249.28
256.58	7328.60
256.79	4101.00
257.00	2640.80
257.21	1838.00
257.43	1768.37
257.64	1448.88
257.85	1399.73
258.06	1135.54
258.28	1221.56
258.49	973.75
258.70	1123.26
258.91	744.38
259.13	926.65
259.34	805.82
259.55	791.48
259.76	805.82
259.97	820.16
260.19	756.67
260.40	734.14
260.61	695.23
260.82	562.11
261.04	598.98
261.25	629.69
261.46	537.54
261.67	566.21
261.89	443.33
262.10	740.28
262.31	639.93
262.52	592.83
262.73	621.50
262.95	510.91
263.16	617.41
263.37	594.88
263.58	545.73
263.80	603.07
264.01	560.06
264.22	555.97
264.43	498.62
264.64	644.03
264.86	316.36
265.07	480.19
265.28	441.28
265.49	396.23
265.71	613.31
265.92	707.52
266.13	547.78
266.34	723.90
266.55	555.97
266.77	691.13
266.98	408.51
267.19	510.91
267.40	252.87
267.61	365.51
267.83	418.75
268.04	424.90
268.25	164.81
268.46	388.03
268.67	357.31
268.89	347.07
269.10	342.98
269.31	287.68
269.52	428.99
269.73	455.62
269.95	345.03
270.16	519.10
270.37	267.20
270.58	281.54
270.79	136.13
271.01	316.36
271.22	453.57
271.43	342.98
271.64	385.99
271.85	480.19
272.07	103.37
272.28	324.55
272.49	256.96
272.70	433.09
272.91	267.20
273.13	334.79
273.34	224.20
273.55	345.03
273.76	236.48
273.97	205.77
274.18	359.36
274.40	213.96
274.61	252.87
274.82	349.12
275.03	265.16
275.24	347.07
275.45	162.76
275.67	289.73
275.88	334.79
276.09	390.08
276.30	402.37
276.51	302.02
276.73	197.57
276.94	390.08
277.15	336.84
277.36	336.84
277.57	336.84
277.78	209.86
278.00	207.81
278.21	369.60
278.42	154.57
278.63	138.18
278.84	154.57
279.05	269.25
279.27	177.09
279.48	158.66
279.69	271.30
279.90	406.47
280.11	357.31
280.32	183.24
280.53	232.39
280.75	197.57
280.96	377.79
281.17	197.57
281.38	89.03
281.59	240.58
281.80	332.74
282.02	414.66
282.23	375.75
282.44	263.11
282.65	302.02
282.86	193.48
283.07	246.72
283.28	144.33
283.50	428.99
283.71	316.36
283.92	267.20
284.13	119.75
284.34	181.19
284.55	148.42
284.76	168.90
284.98	316.36
285.19	216.00
285.40	144.33
285.61	213.96
285.82	312.26
286.03	144.33
286.24	86.98
286.45	218.05
286.67	228.29
286.88	173.00
287.09	234.44
287.30	109.51
287.51	224.20
287.72	193.48
287.93	226.24
288.15	211.91
288.36	125.89
288.57	277.44
288.78	91.08
288.99	254.92
289.20	129.99
289.41	232.39
289.62	115.65
289.83	295.88
290.05	97.22
290.26	152.52
290.47	121.80
290.68	285.64
290.89	189.38
291.10	246.72
291.31	230.34
291.52	224.20
291.74	189.38
291.95	367.55
292.16	105.41
292.37	295.88
292.58	117.70
292.79	265.16
293.00	232.39
293.21	318.40
293.42	74.70
293.63	76.74
293.85	318.40
294.06	240.58
294.27	279.49
294.48	304.07
294.69	138.18
294.90	162.76
295.11	168.90
295.32	148.42
295.53	193.48
295.74	164.81
295.96	232.39
296.17	148.42
296.38	373.70
296.59	250.82
296.80	433.09
297.01	396.23
297.22	629.69
297.43	1072.06
297.64	1326.00
297.85	1620.91
298.06	1516.47
298.28	1495.99
298.49	1326.00
298.70	1078.20
298.91	1094.58
299.12	871.35
299.33	560.06
299.54	596.93
299.75	426.95
299.96	299.97
300.17	216.00
300.38	302.02
300.59	183.24
300.80	199.62
301.02	156.61
301.23	226.24
301.44	277.44
301.65	240.58
301.86	66.50
302.07	314.31
302.28	121.80
302.49	213.96
302.70	242.63
302.91	304.07
303.12	617.41
303.33	326.60
303.54	566.21
303.75	447.43
303.96	478.14
304.18	367.55
304.39	306.12
304.60	265.16
304.81	224.20
305.02	230.34
305.23	256.96
305.44	117.70
305.65	197.57
305.86	281.54
306.07	154.57
306.28	187.33
306.49	160.71
306.70	60.36
306.91	185.29
307.12	216.00
307.33	91.08
307.54	91.08
307.75	179.14
307.96	138.18
308.17	183.24
308.39	269.25
308.60	287.68
308.81	127.94
309.02	334.79
309.23	68.55
309.44	338.88
309.65	410.56
309.86	310.21
310.07	164.81
310.28	84.93
310.49	226.24
310.70	181.19
310.91	418.75
311.12	275.40
311.33	291.78
311.54	480.19
311.75	312.26
311.96	308.16
312.17	289.73
312.38	127.94
312.59	281.54
312.80	472.00
313.01	578.50
313.22	1354.68
313.43	2284.45
313.64	3521.43
313.85	4500.36
314.06	5120.89
314.27	5682.03
314.48	5147.51
314.69	4572.03
314.90	3869.58
315.11	3044.25
315.32	2544.55
315.53	1952.68
315.74	1512.37
315.95	1024.95
316.16	766.91
316.37	627.65
316.58	316.36
316.79	175.05
317.00	332.74
317.21	132.04
317.42	275.40
317.63	213.96
317.84	224.20
318.05	265.16
318.26	357.31
318.47	322.50
318.68	259.01
318.89	211.91
319.10	142.28
319.31	7.11
319.52	218.05
319.73	160.71
319.94	154.57
320.15	91.08
320.36	295.88
320.57	101.32
320.78	134.09
320.99	230.34
321.20	170.95
321.41	193.48
321.62	101.32
321.83	129.99
322.04	158.66
322.25	152.52
322.46	359.36
322.67	271.30
322.88	310.21
323.09	205.77
323.30	123.85
323.51	109.51
323.72	209.86
323.93	158.66
324.14	236.48
324.35	121.80
324.56	375.75
324.77	193.48
324.98	173.00
325.19	240.58
325.40	218.05
325.61	148.42
325.82	146.37
326.03	86.98
326.24	154.57
326.45	76.74
326.66	242.63
326.87	82.89
327.08	285.64
327.29	158.66
327.50	119.75
327.71	129.99
327.91	140.23
328.12	263.11
328.33	82.89
328.54	35.78
328.75	166.85
328.96	265.16
329.17	93.13
329.38	76.74
329.59	-13.37
329.80	250.82
330.01	238.53
330.22	160.71
330.43	156.61
330.64	181.19
330.85	86.98
331.06	242.63
331.27	218.05
331.48	263.11
331.69	164.81
331.89	195.53
332.10	324.55
332.31	191.43
332.52	246.72
332.73	101.32
332.94	117.70
333.15	211.91
333.36	160.71
333.57	-7.22
333.78	105.41
333.99	324.55
334.20	246.72
334.41	199.62
334.62	275.40
334.83	183.24
335.03	299.97
335.24	187.33
335.45	181.19
335.66	379.84
335.87	361.41
336.08	330.69
336.29	205.77
336.50	222.15
336.71	220.10
336.92	129.99
337.13	103.37
337.34	60.36
337.55	181.19
337.75	138.18
337.96	302.02
338.17	123.85
338.38	281.54
338.59	78.79
338.80	109.51
339.01	201.67
339.22	203.72
339.43	82.89
339.64	168.90
339.85	78.79
340.05	234.44
340.26	125.89
340.47	11.21
340.68	185.29
340.89	113.61
341.10	117.70
341.31	222.15
341.52	62.41
341.73	236.48
341.94	64.46
342.14	216.00
342.35	191.43
342.56	326.60
342.77	0.97
342.98	181.19
343.19	127.94
343.40	363.46
343.61	5.06
343.82	101.32
344.02	285.64
344.23	117.70
344.44	256.96
344.65	177.09
344.86	113.61
345.07	185.29
345.28	158.66
345.49	222.15
345.69	191.43
345.90	146.37
346.11	129.99
346.32	86.98
346.53	107.46
346.74	156.61
346.95	25.54
347.16	279.49
347.36	205.77
347.57	134.09
347.78	125.89
347.99	115.65
348.20	363.46
348.41	148.42
348.62	156.61
348.83	21.45
349.03	97.22
349.24	173.00
349.45	43.98
349.66	224.20
349.87	168.90
350.08	119.75
350.29	250.82
350.49	58.31
350.70	228.29
350.91	125.89
351.12	58.31
351.33	-37.94
351.54	418.75
351.74	91.08
351.95	-23.61
352.16	125.89
352.37	27.59
352.58	197.57
352.79	109.51
353.00	119.75
353.20	285.64
353.41	205.77
353.62	271.30
353.83	175.05
354.04	132.04
354.25	183.24
354.45	357.31
354.66	78.79
354.87	111.56
355.08	232.39
355.29	121.80
355.50	197.57
355.70	256.96
355.91	336.84
356.12	89.03
356.33	213.96
356.54	238.53
356.75	314.31
356.95	226.24
357.16	160.71
357.37	21.45
357.58	195.53
357.79	222.15
358.00	281.54
358.20	256.96
358.41	152.52
358.62	261.06
358.83	195.53
359.04	125.89
359.24	226.24
359.45	295.88
359.66	148.42
359.87	152.52
360.08	361.41
360.29	193.48
360.49	297.92
360.70	129.99
360.91	191.43
361.12	242.63
361.33	148.42
361.53	205.77
361.74	211.91
361.95	197.57
362.16	281.54
362.37	191.43
362.57	15.30
362.78	111.56
362.99	160.71
363.20	156.61
363.41	150.47
363.61	324.55
363.82	205.77
364.03	263.11
364.24	236.48
364.45	84.93
364.65	269.25
364.86	390.08
365.07	310.21
365.28	519.10
365.48	2100.14
365.69	4410.24
365.90	6226.79
366.11	7484.25
366.32	7830.35
366.52	6890.34
366.73	5450.61
366.94	4227.98
367.15	3527.57
367.35	2980.76
367.56	2552.74
367.77	2102.18
367.98	1782.70
368.19	1178.55
368.39	846.78
368.60	613.31
368.81	504.77
369.02	392.13
369.22	414.66
369.43	488.38
369.64	234.44
369.85	95.17
370.05	189.38
370.26	136.13
370.47	183.24
370.68	156.61
370.89	259.01
371.09	306.12
371.30	66.50
371.51	144.33
371.72	287.68
371.92	181.19
372.13	218.05
372.34	125.89
372.55	101.32
372.75	86.98
372.96	222.15
373.17	193.48
373.38	297.92
373.58	211.91
373.79	166.85
374.00	117.70
374.21	193.48
374.41	197.57
374.62	291.78
374.83	148.42
375.04	103.37
375.24	232.39
375.45	318.40
375.66	211.91
375.86	146.37
376.07	115.65
376.28	170.95
376.49	205.77
376.69	222.15
376.90	246.72
377.11	310.21
377.32	86.98
377.52	160.71
377.73	48.07
377.94	238.53
378.15	336.84
378.35	199.62
378.56	86.98
378.77	361.41
378.97	287.68
379.18	72.65
379.39	121.80
379.60	269.25
379.80	195.53
380.01	127.94
380.22	191.43
380.42	250.82
380.63	97.22
380.84	349.12
381.05	293.83
381.25	246.72
381.46	246.72
381.67	80.84
381.87	213.96
382.08	263.11
382.29	236.48
382.49	211.91
382.70	216.00
382.91	244.68
383.12	173.00
383.32	275.40
383.53	211.91
383.74	0.97
383.94	328.64
384.15	308.16
384.36	46.02
384.56	385.99
384.77	254.92
384.98	254.92
385.19	74.70
385.39	230.34
385.60	256.96
385.81	226.24
386.01	349.12
386.22	222.15
386.43	246.72
386.63	218.05
386.84	142.28
387.05	205.77
387.25	240.58
387.46	377.79
387.67	123.85
387.87	222.15
388.08	308.16
388.29	246.72
388.49	267.20
388.70	334.79
388.91	226.24
389.11	476.10
389.32	242.63
389.53	156.61
389.73	144.33
389.94	136.13
390.15	173.00
390.35	213.96
390.56	342.98
390.77	304.07
390.97	355.27
391.18	195.53
391.39	216.00
391.59	179.14
391.80	201.67
392.01	74.70
392.21	267.20
392.42	373.70
392.63	185.29
392.83	129.99
393.04	201.67
393.25	269.25
393.45	183.24
393.66	127.94
393.87	279.49
394.07	197.57
394.28	324.55
394.49	162.76
394.69	183.24
394.90	164.81
395.10	191.43
395.31	211.91
395.52	74.70
395.72	183.24
395.93	220.10
396.14	195.53
396.34	414.66
396.55	314.31
396.76	326.60
396.96	308.16
397.17	211.91
397.37	404.42
397.58	277.44
397.79	254.92
397.99	234.44
398.20	287.68
398.41	293.83
398.61	181.19
398.82	230.34
399.02	336.84
399.23	121.80
399.44	216.00
399.64	132.04
399.85	261.06
400.06	205.77
400.26	279.49
400.47	125.89
400.67	342.98
400.88	193.48
401.09	263.11
401.29	205.77
401.50	320.45
401.70	211.91
401.91	17.35
402.12	351.17
402.32	244.68
402.53	277.44
402.73	183.24
402.94	246.72
403.15	220.10
403.35	205.77
403.56	275.40
403.76	441.28
403.97	412.61
404.18	445.38
404.38	254.92
404.59	222.15
404.79	484.29
405.00	1248.18
405.21	3615.63
405.41	6404.97
405.62	7986.00
405.82	8237.90
406.03	7693.14
406.24	5833.58
406.44	4023.18
406.65	2720.67
406.85	1934.25
407.06	1569.71
407.26	1119.16
407.47	762.81
407.68	756.67
407.88	603.07
408.09	428.99
408.29	492.48
408.50	478.14
408.70	400.32
408.91	613.31
409.12	449.47
409.32	367.55
409.53	426.95
409.73	316.36
409.94	363.46
410.14	234.44
410.35	269.25
410.56	150.47
410.76	349.12
410.97	240.58
411.17	297.92
411.38	279.49
411.58	324.55
411.79	144.33
411.99	250.82
412.20	293.83
412.41	271.30
412.61	271.30
412.82	261.06
413.02	295.88
413.23	201.67
413.43	82.89
413.64	160.71
413.84	261.06
414.05	154.57
414.26	265.16
414.46	232.39
414.67	312.26
414.87	254.92
415.08	228.29
415.28	220.10
415.49	283.59
415.69	277.44
415.90	-50.23
416.10	201.67
416.31	175.05
416.51	289.73
416.72	132.04
416.92	265.16
417.13	89.03
417.34	211.91
417.54	187.33
417.75	281.54
417.95	269.25
418.16	125.89
418.36	248.77
418.57	33.74
418.77	445.38
418.98	297.92
419.18	326.60
419.39	234.44
419.59	283.59
419.80	142.28
420.00	347.07
420.21	377.79
420.41	242.63
420.62	193.48
420.82	86.98
421.03	236.48
421.23	431.04
421.44	179.14
421.64	191.43
421.85	72.65
422.05	279.49
422.26	285.64
422.46	39.88
422.67	82.89
422.87	209.86
423.08	240.58
423.28	310.21
423.49	160.71
423.69	299.97
423.90	302.02
424.10	232.39
424.31	254.92
424.51	185.29
424.72	168.90
424.92	111.56
425.13	220.10
425.33	181.19
425.54	164.81
425.74	193.48
425.95	248.77
426.15	70.60
426.36	76.74
426.56	185.29
426.77	154.57
426.97	148.42
427.18	156.61
427.38	465.86
427.58	52.17
427.79	97.22
427.99	164.81
428.20	150.47
428.40	82.89
428.61	181.19
428.81	136.13
429.02	193.48
429.22	152.52
429.43	306.12
429.63	123.85
429.84	148.42
430.04	369.60
430.25	201.67
430.45	226.24
430.65	287.68
430.86	228.29
431.06	304.07
431.27	205.77
431.47	277.44
431.68	164.81
431.88	428.99
432.09	261.06
432.29	357.31
432.49	103.37
432.70	351.17
432.90	173.00
433.11	256.96
433.31	213.96
433.52	238.53
433.72	156.61
433.93	236.48
434.13	181.19
434.33	216.00
434.54	351.17
434.74	340.93
434.95	410.56
435.15	390.08
435.36	551.87
435.56	535.49
435.76	789.44
435.97	1383.35
436.17	3994.51
436.38	11522.84
436.58	19882.65
436.79	24263.25
436.99	25758.27
437.19	22936.17
437.40	18115.25
437.60	11555.61
437.81	7693.14
438.01	5178.23
438.22	3654.54
438.42	2880.41
438.62	2343.84
438.83	1635.25
439.03	1272.76
439.24	961.47
439.44	660.41
439.64	371.65
439.85	349.12
440.05	517.06
440.26	197.57
440.46	205.77
440.66	308.16
440.87	226.24
441.07	158.66
441.28	68.55
441.48	173.00
441.68	410.56
441.89	304.07
442.09	187.33
442.30	390.08
442.50	175.05
442.70	252.87
442.91	379.84
443.11	308.16
443.32	295.88
443.52	154.57
443.72	144.33
443.93	164.81
444.13	93.13
444.33	396.23
444.54	218.05
444.74	183.24
444.95	218.05
445.15	330.69
445.35	203.72
445.56	232.39
445.76	234.44
445.96	216.00
446.17	209.86
446.37	138.18
446.58	91.08
446.78	271.30
446.98	142.28
447.19	287.68
447.39	80.84
447.59	111.56
447.80	168.90
448.00	162.76
448.21	168.90
448.41	129.99
448.61	162.76
448.82	82.89
449.02	320.45
449.22	115.65
449.43	132.04
449.63	158.66
449.83	209.86
450.04	308.16
450.24	173.00
450.44	324.55
450.65	48.07
450.85	334.79
451.05	209.86
451.26	181.19
451.46	111.56
451.66	259.01
451.87	99.27
452.07	244.68
452.27	46.02
452.48	140.23
452.68	97.22
452.88	46.02
453.09	209.86
453.29	74.70
453.49	70.60
453.70	222.15
453.90	152.52
454.10	144.33
454.31	187.33
454.51	113.61
454.71	148.42
454.92	226.24
455.12	287.68
455.32	261.06
455.53	351.17
455.73	150.47
455.93	191.43
456.14	388.03
456.34	78.79
456.54	107.46
456.75	195.53
456.95	164.81
457.15	156.61
457.36	103.37
457.56	48.07
457.76	283.59
457.96	74.70
458.17	273.35
458.37	74.70
458.57	103.37
458.78	146.37
458.98	336.84
459.18	64.46
459.39	197.57
459.59	-5.18
459.79	35.78
459.99	144.33
460.20	117.70
460.40	207.81
460.60	21.45
460.81	46.02
461.01	218.05
461.21	185.29
461.41	209.86
461.62	179.14
461.82	80.84
462.02	158.66
462.23	166.85
462.43	295.88
462.63	203.72
462.83	144.33
463.04	234.44
463.24	402.37
463.44	170.95
463.65	267.20
463.85	66.50
464.05	86.98
464.25	52.17
464.46	121.80
464.66	158.66
464.86	97.22
465.06	134.09
465.27	287.68
465.47	129.99
465.67	158.66
465.87	367.55
466.08	308.16
466.28	195.53
466.48	316.36
466.68	177.09
466.89	111.56
467.09	136.13
467.29	377.79
467.49	166.85
467.70	242.63
467.90	293.83
468.10	183.24
468.30	7.11
468.51	256.96
468.71	132.04
468.91	109.51
469.11	140.23
469.32	207.81
469.52	265.16
469.72	113.61
469.92	86.98
470.13	197.57
470.33	150.47
470.53	-62.52
470.73	107.46
470.94	191.43
471.14	275.40
471.34	213.96
471.54	310.21
471.74	259.01
471.95	58.31
472.15	123.85
472.35	152.52
472.55	189.38
472.76	265.16
472.96	150.47
473.16	144.33
473.36	68.55
473.56	254.92
473.77	244.68
473.97	252.87
474.17	13.26
474.37	43.98
474.58	164.81
474.78	123.85
474.98	252.87
475.18	103.37
475.38	185.29
475.59	291.78
475.79	134.09
475.99	70.60
476.19	322.50
476.39	252.87
476.60	27.59
476.80	31.69
477.00	-17.46
477.20	373.70
477.40	150.47
477.61	58.31
477.81	9.16
478.01	123.85
478.21	54.22
478.41	132.04
478.61	203.72
478.82	162.76
479.02	191.43
479.22	385.99
479.42	129.99
479.62	52.17
479.83	191.43
480.03	201.67
480.23	277.44
480.43	117.70
480.63	267.20
480.83	250.82
481.04	377.79
481.24	138.18
481.44	150.47
481.64	0.97
481.84	78.79
482.04	105.41
482.25	170.95
482.45	52.17
482.65	52.17
482.85	91.08
483.05	320.45
483.25	177.09
483.46	173.00
483.66	78.79
483.86	304.07
484.06	244.68
484.26	66.50
484.46	136.13
484.67	123.85
484.87	244.68
485.07	201.67
485.27	175.05
485.47	267.20
485.67	240.58
485.87	267.20
486.08	132.04
486.28	70.60
486.48	162.76
486.68	74.70
486.88	84.93
487.08	97.22
487.28	279.49
487.49	177.09
487.69	218.05
487.89	152.52
488.09	123.85
488.29	86.98
488.49	121.80
488.69	50.12
488.89	170.95
489.10	121.80
489.30	35.78
489.50	103.37
489.70	127.94
489.90	50.12
490.10	193.48
490.30	158.66
490.50	-29.75
490.70	185.29
490.91	76.74
491.11	105.41
491.31	230.34
491.51	156.61
491.71	173.00
491.91	9.16
492.11	195.53
492.31	322.50
492.51	58.31
492.72	199.62
492.92	140.23
493.12	80.84
493.32	156.61
493.52	50.12
493.72	105.41
493.92	23.50
494.12	277.44
494.32	248.77
494.52	207.81
494.73	173.00
494.93	142.28
495.13	146.37
495.33	250.82
495.53	37.83
495.73	72.65
495.93	103.37
496.13	60.36
496.33	23.50
496.53	218.05
496.73	46.02
496.93	175.05
497.14	308.16
497.34	138.18
497.54	-56.37
497.74	181.19
497.94	140.23
498.14	121.80
498.34	269.25
498.54	105.41
498.74	117.70
498.94	179.14
499.14	185.29
499.34	127.94
499.54	183.24
499.74	140.23
499.94	33.74
500.15	220.10
500.35	101.32
500.55	56.26
500.75	256.96
500.95	80.84
501.15	152.52
501.35	119.75
501.55	56.26
501.75	209.86
501.95	199.62
502.15	134.09
502.35	164.81
502.55	142.28
502.75	168.90
502.95	170.95
503.15	86.98
503.35	205.77
503.55	109.51
503.75	148.42
503.95	166.85
504.15	68.55
504.35	185.29
504.55	224.20
504.75	246.72
504.96	256.96
505.16	283.59
505.36	134.09
505.56	95.17
505.76	125.89
505.96	195.53
506.16	324.55
506.36	21.45
506.56	365.51
506.76	267.20
506.96	209.86
507.16	224.20
507.36	93.13
507.56	173.00
507.76	328.64
507.96	275.40
508.16	273.35
508.36	277.44
508.56	109.51
508.76	304.07
508.96	3.02
509.16	117.70
509.36	173.00
509.56	209.86
509.76	19.40
509.96	-17.46
510.16	129.99
510.36	183.24
510.56	285.64
510.76	336.84
510.96	150.47
511.16	27.59
511.36	68.55
511.56	168.90
511.76	324.55
511.96	234.44
512.16	252.87
512.36	91.08
512.56	101.32
512.76	312.26
512.96	203.72
513.16	218.05
513.36	105.41
513.56	209.86
513.76	213.96
513.95	230.34
514.15	136.13
514.35	218.05
514.55	201.67
514.75	89.03
514.95	82.89
515.15	9.16
515.35	232.39
515.55	27.59
515.75	156.61
515.95	256.96
516.15	175.05
516.35	246.72
516.55	60.36
516.75	132.04
516.95	119.75
517.15	320.45
517.35	199.62
517.55	222.15
517.75	89.03
517.95	187.33
518.15	86.98
518.35	117.70
518.55	-27.70
518.74	195.53
518.94	111.56
519.14	60.36
519.34	279.49
519.54	238.53
519.74	345.03
519.94	252.87
520.14	216.00
520.34	144.33
520.54	179.14
520.74	62.41
520.94	-19.51
521.14	220.10
521.34	41.93
521.54	15.30
521.73	105.41
521.93	250.82
522.13	84.93
522.33	84.93
522.53	162.76
522.73	74.70
522.93	170.95
523.13	95.17
523.33	269.25
523.53	236.48
523.73	295.88
523.93	97.22
524.12	259.01
524.32	160.71
524.52	216.00
524.72	314.31
524.92	134.09
525.12	140.23
525.32	199.62
525.52	193.48
525.72	203.72
525.92	58.31
526.11	160.71
526.31	254.92
526.51	164.81
526.71	107.46
526.91	347.07
527.11	306.12
527.31	195.53
527.51	132.04
527.71	152.52
527.90	299.97
528.10	252.87
528.30	111.56
528.50	246.72
528.70	164.81
528.90	144.33
529.10	248.77
529.30	132.04
529.49	246.72
529.69	183.24
529.89	86.98
530.09	166.85
530.29	326.60
530.49	160.71
530.69	168.90
530.89	318.40
531.08	168.90
531.28	144.33
531.48	207.81
531.68	224.20
531.88	148.42
532.08	107.46
532.28	168.90
532.47	119.75
532.67	140.23
532.87	218.05
533.07	97.22
533.27	173.00
533.47	234.44
533.66	328.64
533.86	228.29
534.06	132.04
534.26	-21.56
534.46	234.44
534.66	21.45
534.86	349.12
535.05	252.87
535.25	107.46
535.45	201.67
535.65	236.48
535.85	150.47
536.05	279.49
536.24	136.13
536.44	93.13
536.64	158.66
536.84	164.81
537.04	140.23
537.24	209.86
537.43	220.10
537.63	259.01
537.83	367.55
538.03	162.76
538.23	340.93
538.42	185.29
538.62	205.77
538.82	91.08
539.02	125.89
539.22	158.66
539.41	238.53
539.61	287.68
539.81	166.85
540.01	369.60
540.21	353.22
540.41	117.70
540.60	263.11
540.80	189.38
541.00	310.21
541.20	281.54
541.40	375.75
541.59	234.44
541.79	168.90
541.99	187.33
542.19	216.00
542.38	308.16
542.58	95.17
542.78	181.19
542.98	287.68
543.18	209.86
543.37	187.33
543.57	234.44
543.77	359.36
543.97	328.64
544.17	369.60
544.36	310.21
544.56	414.66
544.76	371.65
544.96	291.78
545.15	383.94
545.35	453.57
545.55	623.55
545.75	799.68
545.94	973.75
546.14	2655.14
546.34	8807.23
546.54	18870.95
546.74	31392.23
546.93	39264.63
547.13	41836.87
547.33	38668.67
547.53	32446.94
547.72	24242.77
547.92	16741.06
548.12	11838.23
548.32	8543.05
548.51	6437.73
548.71	5151.61
548.91	4010.89
549.11	3394.45
549.30	2657.18
549.50	1682.35
549.70	1223.61
549.90	551.87
550.09	619.45
550.29	435.14
550.49	424.90
550.68	308.16
550.88	132.04
551.08	428.99
551.28	291.78
551.47	177.09
551.67	201.67
551.87	324.55
552.07	267.20
552.26	478.14
552.46	271.30
552.66	332.74
552.85	248.77
553.05	250.82
553.25	312.26
553.45	267.20
553.64	177.09
553.84	156.61
554.04	320.45
554.23	119.75
554.43	199.62
554.63	160.71
554.83	398.27
555.02	181.19
555.22	299.97
555.42	5.06
555.61	80.84
555.81	271.30
556.01	246.72
556.21	136.13
556.40	248.77
556.60	226.24
556.80	140.23
556.99	60.36
557.19	162.76
557.39	50.12
557.58	160.71
557.78	177.09
557.98	160.71
558.17	203.72
558.37	226.24
558.57	205.77
558.76	269.25
558.96	187.33
559.16	129.99
559.36	95.17
559.55	299.97
559.75	179.14
559.95	394.18
560.14	207.81
560.34	107.46
560.54	125.89
560.73	267.20
560.93	173.00
561.13	193.48
561.32	99.27
561.52	281.54
561.72	152.52
561.91	230.34
562.11	43.98
562.31	115.65
562.50	136.13
562.70	213.96
562.89	304.07
563.09	35.78
563.29	191.43
563.48	289.73
563.68	279.49
563.88	136.13
564.07	195.53
564.27	142.28
564.47	156.61
564.66	164.81
564.86	240.58
565.06	207.81
565.25	41.93
565.45	150.47
565.64	111.56
565.84	224.20
566.04	238.53
566.23	158.66
566.43	207.81
566.63	244.68
566.82	35.78
567.02	41.93
567.21	273.35
567.41	93.13
567.61	203.72
567.80	70.60
568.00	166.85
568.20	142.28
568.39	185.29
568.59	185.29
568.78	228.29
568.98	240.58
569.18	220.10
569.37	138.18
569.57	195.53
569.76	261.06
569.96	125.89
570.16	240.58
570.35	-25.66
570.55	74.70
570.74	78.79
570.94	164.81
571.14	271.30
571.33	281.54
571.53	52.17
571.72	115.65
571.92	236.48
572.12	121.80
572.31	148.42
572.51	218.05
572.70	146.37
572.90	263.11
573.10	86.98
573.29	95.17
573.49	234.44
573.68	216.00
573.88	269.25
574.07	13.26
574.27	162.76
574.47	170.95
574.66	177.09
574.86	35.78
575.05	52.17
575.25	365.51
575.44	283.59
575.64	50.12
575.84	355.27
576.03	168.90
576.23	148.42
576.42	74.70
576.62	48.07
576.81	101.32
577.01	412.61
577.20	920.51
577.40	1510.32
577.60	2370.47
577.79	2952.09
577.99	3044.25
578.18	2794.40
578.38	2425.76
578.57	1870.76
578.77	1428.40
578.96	1125.30
579.16	1203.13
579.35	1688.49
579.55	2284.45
579.75	3138.46
579.94	3632.02
580.14	3707.79
580.33	3359.64
580.53	2726.81
580.72	2057.13
580.92	1639.34
581.11	1147.83
581.31	1006.52
581.50	734.14
581.70	574.40
581.89	531.39
582.09	527.30
582.28	345.03
582.48	263.11
582.67	338.88
582.87	168.90
583.06	299.97
583.26	363.46
583.45	78.79
583.65	146.37
583.85	324.55
584.04	164.81
584.24	263.11
584.43	123.85
584.63	3.02
584.82	140.23
585.02	68.55
585.21	-17.46
585.41	95.17
585.60	134.09
585.80	93.13
585.99	78.79
586.18	132.04
586.38	252.87
586.57	216.00
586.77	205.77
586.96	240.58
587.16	183.24
587.35	285.64
587.55	259.01
587.74	181.19
587.94	222.15
588.13	150.47
588.33	242.63
588.52	129.99
588.72	250.82
588.91	164.81
589.11	62.41
589.30	60.36
589.50	213.96
589.69	205.77
589.89	336.84
590.08	113.61
590.27	101.32
590.47	142.28
590.66	195.53
590.86	224.20
591.05	113.61
591.25	234.44
591.44	39.88
591.64	170.95
591.83	43.98
592.03	113.61
592.22	154.57
592.41	37.83
592.61	279.49
592.80	197.57
593.00	254.92
593.19	144.33
593.39	213.96
593.58	232.39
593.78	267.20
593.97	97.22
594.16	68.55
594.36	97.22
594.55	166.85
594.75	314.31
594.94	156.61
595.14	322.50
595.33	43.98
595.52	146.37
595.72	275.40
595.91	218.05
596.11	113.61
596.30	78.79
596.50	216.00
596.69	93.13
596.88	35.78
597.08	220.10
597.27	78.79
597.47	89.03
597.66	158.66
597.85	234.44
598.05	91.08
598.24	385.99
598.44	177.09
598.63	236.48
598.82	115.65
599.02	25.54
599.21	54.22
599.41	170.95
599.60	144.33
599.79	50.12
599.99	197.57
600.18	64.46
600.38	156.61
600.57	220.10
600.76	187.33
600.96	236.48
601.15	154.57
601.35	226.24
601.54	162.76
601.73	240.58
601.93	119.75
602.12	226.24
602.31	148.42
602.51	287.68
602.70	236.48
602.90	293.83
603.09	111.56
603.28	146.37
603.48	275.40
603.67	74.70
603.86	197.57
604.06	11.21
604.25	113.61
604.44	13.26
604.64	203.72
604.83	152.52
605.03	183.24
605.22	304.07
605.41	152.52
605.61	220.10
605.80	158.66
605.99	150.47
606.19	238.53
606.38	84.93
606.57	97.22
606.77	256.96
606.96	183.24
607.15	54.22
607.35	189.38
607.54	297.92
607.73	72.65
607.93	80.84
608.12	549.82
608.31	156.61
608.51	177.09
608.70	207.81
608.89	115.65
609.09	345.03
609.28	220.10
609.47	148.42
609.67	199.62
609.86	209.86
610.05	218.05
610.25	74.70
610.44	226.24
610.63	127.94
610.83	191.43
611.02	142.28
611.21	72.65
611.40	56.26
611.60	84.93
611.79	181.19
611.98	261.06
612.18	342.98
612.37	193.48
612.56	64.46
612.76	248.77
612.95	306.12
613.14	140.23
613.33	27.59
613.53	101.32
613.72	256.96
613.91	154.57
614.11	103.37
614.30	234.44
614.49	144.33
614.68	240.58
614.88	261.06
615.07	205.77
615.26	160.71
615.46	54.22
615.65	299.97
615.84	175.05
616.03	134.09
616.23	209.86
616.42	191.43
616.61	127.94
616.81	277.44
617.00	111.56
617.19	142.28
617.38	187.33
617.58	156.61
617.77	-25.66
617.96	82.89
618.15	117.70
618.35	201.67
618.54	154.57
618.73	158.66
618.92	80.84
619.12	230.34
619.31	234.44
619.50	52.17
619.69	111.56
619.89	62.41
620.08	64.46
620.27	56.26
620.46	246.72
620.66	129.99
620.85	109.51
621.04	154.57
621.23	99.27
621.43	19.40
621.62	78.79
621.81	254.92
622.00	-62.52
622.19	162.76
622.39	101.32
622.58	238.53
622.77	197.57
622.96	150.47
623.16	115.65
623.35	50.12
623.54	27.59
623.73	154.57
623.92	80.84
624.12	164.81
624.31	91.08
624.50	242.63
624.69	226.24
624.88	232.39
625.08	273.35
625.27	101.32
625.46	68.55
625.65	56.26
625.85	142.28
626.04	297.92
626.23	82.89
626.42	-21.56
626.61	230.34
626.80	191.43
627.00	164.81
627.19	347.07
627.38	50.12
627.57	242.63
627.76	211.91
627.96	246.72
628.15	5.06
628.34	197.57
628.53	29.64
628.72	25.54
628.92	248.77
629.11	185.29
629.30	175.05
629.49	299.97
629.68	-31.80
629.87	173.00
630.07	132.04
630.26	232.39
630.45	142.28
630.64	345.03
630.83	211.91
631.02	111.56
631.22	166.85
631.41	11.21
631.60	58.31
631.79	127.94
631.98	117.70
632.17	222.15
632.36	222.15
632.56	-46.14
632.75	37.83
632.94	201.67
633.13	121.80
633.32	33.74
633.51	0.97
633.70	78.79
633.90	74.70
634.09	254.92
634.28	93.13
634.47	136.13
634.66	111.56
634.85	207.81
635.04	154.57
635.24	142.28
635.43	82.89
635.62	29.64
635.81	226.24
636.00	123.85
636.19	222.15
636.38	248.77
636.57	121.80
636.77	142.28
636.96	193.48
637.15	256.96
637.34	11.21
637.53	89.03
637.72	222.15
637.91	74.70
638.10	123.85
638.29	183.24
638.49	105.41
638.68	224.20
638.87	93.13
639.06	82.89
639.25	302.02
639.44	150.47
639.63	70.60
639.82	132.04
640.01	154.57
640.20	236.48
640.39	211.91
640.59	33.74
640.78	240.58
640.97	-15.42
641.16	263.11
641.35	207.81
641.54	205.77
641.73	156.61
641.92	127.94
642.11	222.15
642.30	220.10
642.49	148.42
642.68	50.12
642.87	121.80
643.07	74.70
643.26	222.15
643.45	99.27
643.64	15.30
643.83	-27.70
644.02	254.92
644.21	238.53
644.40	37.83
644.59	82.89
644.78	166.85
644.97	259.01
645.16	17.35
645.35	144.33
645.54	183.24
645.73	299.97
645.92	179.14
646.11	254.92
646.30	183.24
646.50	203.72
646.69	103.37
646.88	232.39
647.07	91.08
647.26	50.12
647.45	146.37
647.64	97.22
647.83	-31.80
648.02	213.96
648.21	-37.94
648.40	119.75
648.59	193.48
648.78	177.09
648.97	238.53
649.16	140.23
649.35	170.95
649.54	68.55
649.73	203.72
649.92	37.83
650.11	170.95
650.30	240.58
650.49	0.97
650.68	31.69
650.87	140.23
651.06	-17.46
651.25	170.95
651.44	146.37
651.63	203.72
651.82	256.96
652.01	226.24
652.20	17.35
652.39	93.13
652.58	211.91
652.77	127.94
652.96	177.09
653.15	-68.66
653.34	125.89
653.53	72.65
653.72	127.94
653.91	60.36
654.10	183.24
654.29	41.93
654.48	148.42
654.67	189.38
654.86	52.17
655.05	209.86
655.24	310.21
655.43	37.83
655.62	177.09
655.81	209.86
656.00	195.53
656.19	179.14
656.38	125.89
656.57	160.71
656.76	218.05
656.94	201.67
657.13	275.40
657.32	265.16
657.51	35.78
657.70	11.21
657.89	162.76
658.08	43.98
658.27	144.33
658.46	134.09
658.65	121.80
658.84	226.24
659.03	25.54
659.22	287.68
659.41	13.26
659.60	105.41
659.79	99.27
659.98	256.96
660.17	136.13
660.35	265.16
660.54	41.93
660.73	-11.32
660.92	129.99
661.11	144.33
661.30	111.56
661.49	160.71
661.68	166.85
661.87	41.93
662.06	261.06
662.25	160.71
662.44	72.65
662.63	189.38
662.81	121.80
663.00	58.31
663.19	144.33
663.38	168.90
663.57	230.34
663.76	84.93
663.95	62.41
664.14	125.89
664.33	269.25
664.52	64.46
664.70	181.19
664.89	72.65
665.08	74.70
665.27	50.12
665.46	230.34
665.65	101.32
665.84	158.66
666.03	388.03
666.22	80.84
666.40	259.01
666.59	187.33
666.78	72.65
666.97	68.55
667.16	152.52
667.35	113.61
667.54	-31.80
667.73	154.57
667.92	60.36
668.10	144.33
668.29	60.36
668.48	84.93
668.67	-25.66
668.86	119.75
669.05	-50.23
669.24	50.12
669.42	27.59
669.61	181.19
669.80	35.78
669.99	164.81
670.18	373.70
670.37	113.61
670.56	-19.51
670.74	177.09
670.93	197.57
671.12	113.61
671.31	555.97
671.50	54.22
671.69	70.60
671.87	132.04
672.06	402.37
672.25	216.00
672.44	33.74
672.63	52.17
672.82	37.83
673.00	216.00
673.19	46.02
673.38	33.74
673.57	216.00
673.76	332.74
673.95	115.65
674.13	164.81
674.32	183.24
674.51	93.13
674.70	76.74
674.89	199.62
675.07	203.72
675.26	76.74
675.45	-23.61
675.64	144.33
675.83	140.23
676.01	82.89
676.20	37.83
676.39	312.26
676.58	422.85
676.77	228.29
676.95	52.17
677.14	195.53
677.33	244.68
677.52	166.85
677.71	3.02
677.89	95.17
678.08	134.09
678.27	138.18
678.46	207.81
678.65	-29.75
678.83	117.70
679.02	140.23
679.21	310.21
679.40	150.47
679.58	218.05
679.77	373.70
679.96	201.67
680.15	187.33
680.34	199.62
680.52	23.50
680.71	43.98
680.90	25.54
681.09	158.66
681.27	70.60
681.46	107.46
681.65	218.05
681.84	230.34
682.02	261.06
682.21	244.68
682.40	121.80
682.59	201.67
682.77	-50.23
682.96	-58.42
683.15	164.81
683.34	244.68
683.52	285.64
683.71	107.46
683.90	39.88
684.09	109.51
684.27	320.45
684.46	-3.13
684.65	220.10
684.84	105.41
685.02	308.16
685.21	138.18
685.40	-39.99
685.58	-9.27
685.77	115.65
685.96	76.74
686.15	29.64
686.33	205.77
686.52	91.08
686.71	236.48
686.89	164.81
687.08	138.18
687.27	64.46
687.46	5.06
687.64	93.13
687.83	62.41
688.02	191.43
688.20	68.55
688.39	205.77
688.58	269.25
688.77	21.45
688.95	170.95
689.14	263.11
689.33	164.81
689.51	115.65
689.70	101.32
689.89	279.49
690.07	144.33
690.26	58.31
690.45	416.71
690.63	287.68
690.82	56.26
691.01	191.43
691.19	41.93
691.38	297.92
691.57	84.93
691.75	27.59
691.94	256.96
692.13	158.66
692.31	220.10
692.50	-19.51
692.69	56.26
692.87	232.39
693.06	119.75
693.25	17.35
693.43	117.70
693.62	185.29
693.81	-13.37
693.99	476.10
694.18	170.95
694.37	91.08
694.55	226.24
694.74	254.92
694.93	125.89
695.11	80.84
695.30	107.46
695.49	46.02
695.67	86.98
695.86	82.89
696.05	109.51
696.23	150.47
696.42	-42.04
696.60	107.46
696.79	191.43
696.98	111.56
697.16	201.67
697.35	95.17
697.54	308.16
697.72	160.71
697.91	115.65
698.09	363.46
698.28	19.40
698.47	46.02
698.65	-1.08
698.84	379.84
699.02	-128.05
699.21	-52.28
699.40	66.50
699.58	177.09
699.77	103.37
699.95	99.27
700.14	261.06
700.33	31.69
700.51	197.57
700.70	138.18
700.88	175.05
701.07	181.19
701.26	129.99
701.44	99.27
701.63	164.81
701.81	236.48
702.00	164.81
702.19	125.89
702.37	216.00
702.56	177.09
702.74	66.50
702.93	197.57
703.12	-42.04
703.30	150.47
703.49	156.61
703.67	177.09
703.86	15.30
704.04	119.75
704.23	109.51
704.41	3.02
704.60	78.79
704.79	150.47
704.97	129.99
705.16	62.41
705.34	275.40
705.53	-5.18
705.71	-50.23
705.90	99.27
706.08	261.06
706.27	132.04
706.46	103.37
706.64	191.43
706.83	158.66
707.01	68.55
707.20	152.52
707.38	175.05
707.57	173.00
707.75	234.44
707.94	220.10
708.12	13.26
708.31	117.70
708.50	201.67
708.68	123.85
708.87	144.33
709.05	99.27
709.24	62.41
709.42	66.50
709.61	113.61
709.79	-31.80
709.98	125.89
710.16	195.53
710.35	168.90
710.53	25.54
710.72	218.05
710.90	86.98
711.09	11.21
711.27	5.06
711.46	275.40
711.64	156.61
711.83	173.00
712.01	70.60
712.20	140.23
712.38	230.34
712.57	68.55
712.75	29.64
712.94	250.82
713.12	199.62
713.31	281.54
713.49	218.05
713.68	123.85
713.86	132.04
714.05	166.85
714.23	134.09
714.42	156.61
714.60	74.70
714.79	170.95
714.97	13.26
715.15	236.48
715.34	52.17
715.52	0.97
715.71	252.87
715.89	443.33
716.08	82.89
716.26	170.95
716.45	150.47
716.63	113.61
716.82	72.65
717.00	21.45
717.19	37.83
717.37	19.40
717.55	252.87
717.74	279.49
717.92	127.94
718.11	142.28
718.29	160.71
718.48	183.24
718.66	46.02
718.85	50.12
719.03	175.05
719.21	60.36
719.40	109.51
719.58	158.66
719.77	164.81
719.95	162.76
720.14	242.63
720.32	91.08
720.50	191.43
720.69	-23.61
720.87	99.27
721.06	222.15
721.24	78.79
721.43	250.82
721.61	242.63
721.79	107.46
721.98	50.12
722.16	101.32
722.35	7.11
722.53	29.64
722.71	125.89
722.90	158.66
723.08	76.74
723.27	144.33
723.45	68.55
723.63	134.09
723.82	50.12
724.00	203.72
724.19	216.00
724.37	244.68
724.55	160.71
724.74	295.88
724.92	-17.46
725.10	269.25
725.29	84.93
725.47	9.16
725.66	179.14
725.84	140.23
726.02	199.62
726.21	269.25
726.39	99.27
726.57	168.90
726.76	41.93
726.94	185.29
727.13	89.03
727.31	148.42
727.49	113.61
727.68	107.46
727.86	29.64
728.04	117.70
728.23	91.08
728.41	91.08
728.59	170.95
728.78	187.33
728.96	43.98
729.14	93.13
729.33	156.61
729.51	191.43
729.70	37.83
729.88	82.89
730.06	93.13
730.25	203.72
730.43	80.84
730.61	125.89
730.80	113.61
730.98	103.37
731.16	101.32
731.35	148.42
731.53	54.22
731.71	39.88
731.89	27.59
732.08	115.65
732.26	291.78
732.44	52.17
732.63	175.05
732.81	33.74
732.99	183.24
733.18	-134.20
733.36	91.08
733.54	211.91
733.73	115.65
733.91	136.13
734.09	136.13
734.28	138.18
734.46	187.33
734.64	37.83
734.82	99.27
735.01	148.42
735.19	148.42
735.37	-5.18
735.56	195.53
735.74	140.23
735.92	134.09
736.10	50.12
736.29	191.43
736.47	46.02
736.65	119.75
736.84	119.75
737.02	148.42
737.20	54.22
737.38	101.32
737.57	316.36
737.75	197.57
737.93	62.41
738.11	138.18
738.30	367.55
738.48	123.85
738.66	3.02
738.84	89.03
739.03	144.33
739.21	19.40
739.39	-85.05
739.57	109.51
739.76	68.55
739.94	291.78
740.12	119.75
740.30	66.50
740.49	52.17
740.67	72.65
740.85	78.79
741.03	78.79
741.22	74.70
741.40	187.33
741.58	107.46
741.76	246.72
741.95	68.55
742.13	242.63
742.31	-17.46
742.49	129.99
742.68	86.98
742.86	-29.75
743.04	72.65
743.22	60.36
743.40	93.13
743.59	107.46
743.77	211.91
743.95	21.45
744.13	164.81
744.31	99.27
744.50	127.94
744.68	236.48
744.86	127.94
745.04	62.41
745.22	91.08
745.41	168.90
745.59	127.94
745.77	56.26
745.95	-31.80
746.13	148.42
746.32	183.24
746.50	177.09
746.68	150.47
746.86	256.96
747.04	238.53
747.23	115.65
747.41	117.70
747.59	21.45
747.77	140.23
747.95	443.33
748.13	400.32
748.32	156.61
748.50	25.54
748.68	-7.22
748.86	33.74
749.04	107.46
749.22	271.30
749.41	76.74
749.59	152.52
749.77	121.80
749.95	142.28
750.13	66.50
750.31	107.46
750.50	66.50
750.68	254.92
750.86	297.92
751.04	46.02
751.22	119.75
751.40	158.66
751.58	111.56
751.77	158.66
751.95	160.71
752.13	367.55
752.31	13.26
752.49	281.54
752.67	35.78
752.85	197.57
753.03	39.88
753.22	226.24
753.40	41.93
753.58	185.29
753.76	129.99
753.94	84.93
754.12	127.94
754.30	119.75
754.48	140.23
754.67	162.76
754.85	156.61
755.03	224.20
755.21	115.65
755.39	107.46
755.57	-42.04
755.75	70.60
755.93	60.36
756.11	-56.37
756.29	138.18
756.48	213.96
756.66	138.18
756.84	175.05
757.02	216.00
757.20	203.72
757.38	119.75
757.56	74.70
757.74	95.17
757.92	275.40
758.10	168.90
758.28	181.19
758.46	101.32
758.65	103.37
758.83	86.98
759.01	119.75
759.19	9.16
759.37	13.26
759.55	195.53
759.73	269.25
759.91	123.85
760.09	39.88
760.27	185.29
760.45	138.18
760.63	129.99
760.81	248.77
760.99	164.81
761.17	246.72
761.35	-56.37
761.54	144.33
761.72	121.80
761.90	154.57
762.08	222.15
762.26	58.31
762.44	162.76
762.62	62.41
762.80	132.04
762.98	326.60
763.16	111.56
763.34	78.79
763.52	164.81
763.70	103.37
763.88	173.00
764.06	-121.91
764.24	175.05
764.42	121.80
764.60	31.69
764.78	113.61
764.96	132.04
765.14	160.71
765.32	125.89
765.50	117.70
765.68	97.22
765.86	58.31
766.04	66.50
766.22	216.00
766.40	277.44
766.58	314.31
766.76	144.33
766.94	148.42
767.12	123.85
767.30	50.12
767.48	39.88
767.66	168.90
767.84	385.99
768.02	156.61
768.20	29.64
768.38	144.33
768.56	7.11
768.74	140.23
768.92	56.26
769.10	232.39
769.28	207.81
769.46	13.26
769.64	226.24
769.82	27.59
770.00	183.24
770.18	-74.81
770.36	238.53
770.54	154.57
770.72	97.22
770.90	101.32
771.08	107.46
771.25	211.91
771.43	166.85
771.61	189.38
771.79	193.48
771.97	177.09
772.15	142.28
772.33	41.93
772.51	287.68
772.69	-29.75
772.87	246.72
773.05	11.21
773.23	193.48
773.41	136.13
773.59	232.39
773.77	277.44
773.95	80.84
774.12	144.33
774.30	273.35
774.48	54.22
774.66	189.38
774.84	52.17
775.02	136.13
775.20	54.22
775.38	25.54
775.56	304.07
775.74	138.18
775.92	179.14
776.10	187.33
776.27	195.53
776.45	31.69
776.63	156.61
776.81	111.56
776.99	99.27
777.17	185.29
777.35	76.74
777.53	158.66
777.71	-56.37
777.89	17.35
778.06	158.66
778.24	119.75
778.42	152.52
778.60	95.17
778.78	125.89
778.96	136.13
779.14	-78.90
779.32	129.99
779.49	117.70
779.67	105.41
779.85	189.38
780.03	162.76
780.21	-50.23
780.39	336.84
780.57	146.37
780.75	228.29
780.92	66.50
781.10	162.76
781.28	189.38
781.46	201.67
781.64	402.37
781.82	35.78
781.99	33.74
782.17	191.43
782.35	109.51
782.53	113.61
782.71	97.22
782.89	60.36
783.07	56.26
783.24	-42.04
783.42	154.57
783.60	113.61
783.78	103.37
783.96	197.57
784.14	17.35
784.31	9.16
784.49	89.03
784.67	207.81
784.85	62.41
785.03	170.95
785.20	123.85
785.38	123.85
785.56	86.98
785.74	76.74
785.92	240.58
786.10	25.54
786.27	310.21
786.45	58.31
786.63	-3.13
786.81	46.02
786.99	136.13
787.16	279.49
787.34	185.29
787.52	68.55
787.70	170.95
787.88	76.74
788.05	218.05
788.23	310.21
788.41	246.72
788.59	175.05
788.76	369.60
788.94	97.22
789.12	5.06
789.30	140.23
789.48	-42.04
789.65	281.54
789.83	142.28
790.01	-46.14
790.19	76.74
790.36	111.56
790.54	105.41
790.72	103.37
790.90	-42.04
791.07	283.59
791.25	93.13
791.43	209.86
791.61	62.41
791.78	142.28
791.96	74.70
792.14	70.60
792.32	107.46
792.49	17.35
792.67	48.07
792.85	195.53
793.03	185.29
793.20	-11.32
793.38	142.28
793.56	78.79
793.74	213.96
793.91	162.76
794.09	244.68
794.27	177.09
794.45	29.64
794.62	-5.18
794.80	179.14
794.98	82.89
795.15	78.79
795.33	13.26
795.51	256.96
795.69	193.48
795.86	111.56
796.04	209.86
796.22	48.07
796.39	138.18
796.57	125.89
796.75	58.31
796.92	197.57
797.10	68.55
797.28	21.45
797.46	121.80
797.63	78.79
797.81	52.17
797.99	345.03
798.16	17.35
798.34	64.46
798.52	142.28
798.69	205.77
798.87	-21.56
799.05	302.02
799.22	117.70
799.40	222.15
799.58	230.34
799.75	271.30
799.93	-1.08
800.11	326.60
800.28	17.35
800.46	70.60
800.64	164.81
800.81	119.75
800.99	3.02
801.17	183.24
801.34	203.72
801.52	107.46
801.70	134.09
801.87	220.10
802.05	195.53
802.23	58.31
802.40	263.11
802.58	158.66
802.76	-29.75
802.93	125.89
803.11	146.37
803.28	226.24
803.46	123.85
803.64	177.09
803.81	123.85
803.99	144.33
804.17	205.77
804.34	381.89
804.52	150.47
804.70	404.42
804.87	86.98
805.05	179.14
805.22	15.30
805.40	127.94
805.58	-25.66
805.75	156.61
805.93	111.56
806.10	158.66
806.28	230.34
806.46	162.76
806.63	43.98
806.81	140.23
806.98	211.91
807.16	222.15
807.34	162.76
807.51	46.02
807.69	205.77
807.86	119.75
808.04	39.88
808.22	-105.53
808.39	119.75
808.57	160.71
808.74	103.37
808.92	78.79
809.09	166.85
809.27	179.14
809.45	119.75
809.62	64.46
809.80	228.29
809.97	91.08
810.15	170.95
810.32	173.00
810.50	201.67
810.68	269.25
810.85	117.70
811.03	187.33
811.20	197.57
811.38	123.85
811.55	132.04
811.73	187.33
811.90	271.30
812.08	111.56
812.25	160.71
812.43	287.68
812.61	46.02
812.78	103.37
812.96	211.91
813.13	246.72
813.31	-54.33
813.48	179.14
813.66	111.56
813.83	148.42
814.01	50.12
814.18	158.66
814.36	164.81
814.53	142.28
814.71	150.47
814.88	125.89
815.06	363.46
815.23	9.16
815.41	154.57
815.58	132.04
815.76	142.28
815.93	279.49
816.11	160.71
816.28	46.02
816.46	78.79
816.63	273.35
816.81	50.12
816.98	74.70
817.16	205.77
817.33	185.29
817.51	-3.13
817.68	320.45
817.86	183.24
818.03	142.28
818.21	361.41
818.38	129.99
818.56	164.81
818.73	160.71
818.91	345.03
819.08	265.16
819.26	109.51
819.43	287.68
819.61	-62.52
819.78	33.74
819.96	203.72
820.13	271.30
820.31	50.12
820.48	117.70
820.65	109.51
820.83	121.80
821.00	136.13
821.18	72.65
821.35	213.96
821.53	207.81
821.70	127.94
821.88	213.96
822.05	164.81
822.22	68.55
822.40	170.95
822.57	76.74
822.75	265.16
822.92	150.47
823.10	111.56
823.27	134.09
823.44	148.42
823.62	25.54
823.79	222.15
823.97	199.62
824.14	0.97
824.32	76.74
824.49	168.90
824.66	162.76
824.84	269.25
825.01	244.68
825.19	160.71
825.36	177.09
825.53	41.93
825.71	166.85
825.88	-21.56
826.06	377.79
826.23	173.00
826.40	62.41
826.58	220.10
826.75	158.66
826.93	254.92
827.10	162.76
827.27	199.62
827.45	68.55
827.62	66.50
827.80	13.26
827.97	119.75
828.14	0.97
828.32	33.74
828.49	0.97
828.66	275.40
828.84	58.31
829.01	240.58
829.18	299.97
829.36	50.12
829.53	58.31
829.71	175.05
829.88	150.47
830.05	95.17
830.23	181.19
830.40	82.89
830.57	226.24
830.75	50.12
830.92	93.13
831.09	160.71
831.27	115.65
831.44	170.95
831.61	164.81
831.79	115.65
831.96	123.85
832.13	246.72
832.31	222.15
832.48	0.97
832.65	-95.29
832.83	312.26
833.00	84.93
833.17	99.27
833.35	207.81
833.52	345.03
833.69	113.61
833.87	275.40
834.04	281.54
834.21	164.81
834.39	35.78
834.56	283.59
834.73	267.20
834.90	236.48
835.08	93.13
835.25	138.18
835.42	177.09
835.60	218.05
835.77	70.60
835.94	39.88
836.12	193.48
836.29	148.42
836.46	162.76
836.63	123.85
836.81	205.77
836.98	144.33
837.15	-21.56
837.33	293.83
837.50	52.17
837.67	269.25
837.84	64.46
838.02	244.68
838.19	150.47
838.36	121.80
838.53	91.08
838.71	127.94
838.88	107.46
839.05	230.34
839.22	211.91
839.40	213.96
839.57	181.19
839.74	134.09
839.91	181.19
840.09	205.77
840.26	121.80
840.43	-17.46
840.60	164.81
840.78	279.49
840.95	334.79
841.12	121.80
841.29	9.16
841.47	205.77
841.64	82.89
841.81	134.09
841.98	222.15
842.16	183.24
842.33	148.42
842.50	-7.22
842.67	144.33
842.84	115.65
843.02	15.30
843.19	441.28
843.36	197.57
843.53	183.24
843.70	132.04
843.88	398.27
844.05	197.57
844.22	103.37
844.39	187.33
844.57	173.00
844.74	170.95
844.91	82.89
845.08	189.38
845.25	248.77
845.42	115.65
845.60	361.41
845.77	246.72
845.94	146.37
846.11	246.72
846.28	269.25
846.46	72.65
846.63	33.74
846.80	150.47
846.97	166.85
847.14	154.57
847.31	189.38
847.49	119.75
847.66	62.41
847.83	173.00
848.00	148.42
848.17	17.35
848.34	160.71
848.52	25.54
848.69	39.88
848.86	86.98
849.03	50.12
849.20	35.78
849.37	934.84
849.54	50.12
849.72	50.12
849.89	355.27
850.06	220.10
850.23	173.00
850.40	91.08
850.57	103.37
850.74	123.85
850.92	103.37
851.09	271.30
851.26	320.45
851.43	-62.52
851.60	25.54
851.77	50.12
851.94	177.09
852.11	361.41
852.28	304.07
852.46	127.94
852.63	437.19
852.80	359.36
852.97	236.48
853.14	93.13
853.31	17.35
853.48	107.46
853.65	68.55
853.82	-7.22
854.00	-3.13
854.17	160.71
854.34	54.22
854.51	173.00
854.68	338.88
854.85	97.22
855.02	-56.37
855.19	21.45
855.36	283.59
855.53	349.12
855.70	195.53
855.87	158.66
856.04	99.27
856.22	-7.22
856.39	207.81
856.56	60.36
856.73	299.97
856.90	107.46
857.07	265.16
857.24	224.20
857.41	185.29
857.58	129.99
857.75	199.62
857.92	129.99
858.09	185.29
858.26	144.33
858.43	371.65
858.60	170.95
858.77	216.00
858.94	54.22
859.11	39.88
859.28	111.56
859.46	111.56
859.63	82.89
859.80	293.83
859.97	58.31
860.14	252.87
860.31	43.98
860.48	201.67
860.65	66.50
860.82	203.72
860.99	89.03
861.16	140.23
861.33	146.37
861.50	103.37
861.67	185.29
861.84	68.55
862.01	240.58
862.18	33.74
862.35	144.33
862.52	72.65
862.69	304.07
862.86	195.53
863.03	138.18
863.20	132.04
863.37	347.07
863.54	50.12
863.71	195.53
863.88	109.51
864.05	148.42
864.22	150.47
864.39	-5.18
864.56	107.46
864.73	396.23
864.90	127.94
865.07	111.56
865.24	146.37
865.40	146.37
865.57	70.60
865.74	97.22
865.91	78.79
866.08	48.07
866.25	60.36
866.42	84.93
866.59	43.98
866.76	230.34
866.93	134.09
867.10	226.24
867.27	35.78
867.44	136.13
867.61	97.22
867.78	226.24
867.95	21.45
868.12	283.59
868.29	17.35
868.46	41.93
868.62	152.52
868.79	185.29
868.96	285.64
869.13	285.64
869.30	33.74
869.47	314.31
869.64	201.67
869.81	54.22
869.98	-5.18
870.15	236.48
870.32	199.62
870.49	271.30
870.65	279.49
870.82	166.85
870.99	5.06
871.16	316.36
871.33	162.76
871.50	187.33
871.67	226.24
871.84	29.64
872.01	228.29
872.18	148.42
872.34	134.09
872.51	256.96
872.68	123.85
872.85	156.61
873.02	265.16
873.19	164.81
873.36	369.60
873.53	269.25
873.69	254.92
873.86	134.09
874.03	273.35
874.20	146.37
874.37	-13.37
874.54	142.28
874.71	52.17
874.87	99.27
875.04	39.88
875.21	29.64
875.38	238.53
875.55	-21.56
875.72	271.30
875.89	97.22
876.05	127.94
876.22	156.61
876.39	244.68
876.56	275.40
876.73	52.17
876.90	136.13
877.06	46.02
877.23	316.36
877.40	252.87
877.57	173.00
877.74	99.27
877.91	275.40
878.07	285.64
878.24	37.83
878.41	299.97
878.58	181.19
878.75	211.91
878.91	142.28
879.08	140.23
879.25	78.79
879.42	107.46
879.59	148.42
879.75	113.61
879.92	230.34
880.09	158.66
880.26	152.52
880.43	99.27
880.59	240.58
880.76	105.41
880.93	236.48
881.10	103.37
881.27	76.74
881.43	273.35
881.60	56.26
881.77	138.18
881.94	76.74
882.11	144.33
882.27	146.37
882.44	226.24
882.61	25.54
882.78	162.76
882.94	58.31
883.11	189.38
883.28	25.54
883.45	136.13
883.61	189.38
883.78	150.47
883.95	187.33
884.12	107.46
884.28	207.81
884.45	148.42
884.62	134.09
884.79	132.04
884.95	228.29
885.12	250.82
885.29	197.57
885.46	312.26
885.62	136.13
885.79	-35.90
885.96	101.32
886.12	17.35
886.29	197.57
886.46	144.33
886.63	138.18
886.79	66.50
886.96	97.22
887.13	144.33
887.29	306.12
887.46	197.57
887.63	168.90
887.80	31.69
887.96	80.84
888.13	41.93
888.30	152.52
888.46	76.74
888.63	68.55
888.80	347.07
888.97	82.89
889.13	-56.37
889.30	177.09
