178.09	-417.00
178.30	-417.00
178.52	-417.00
178.73	-345.32
178.95	-343.28
179.16	94.99
179.38	258.83
179.59	168.72
179.81	72.46
180.02	-25.84
180.24	101.13
180.45	135.95
180.67	123.66
180.88	287.50
181.10	74.51
181.31	70.41
181.53	105.23
181.74	133.90
181.96	131.85
182.17	162.57
182.39	191.24
182.60	-3.31
182.82	164.62
183.03	-21.75
183.25	54.03
183.46	203.53
183.68	94.99
183.89	129.80
184.11	68.36
184.32	174.86
184.54	359.18
184.75	31.50
184.97	84.75
185.18	291.59
185.40	-19.70
185.61	273.16
185.83	84.75
186.04	353.03
186.26	170.76
186.47	72.46
186.69	140.04
186.90	97.04
187.12	221.96
187.33	191.24
187.55	248.59
187.76	-99.57
187.98	131.85
188.19	8.97
188.41	51.98
188.62	105.23
188.84	105.23
189.05	4.88
189.27	94.99
189.48	82.70
189.70	342.79
189.91	117.52
190.13	150.28
190.34	109.32
190.55	148.24
190.77	131.85
190.98	47.89
191.20	-3.31
191.41	219.91
191.63	56.08
191.84	58.13
192.06	105.23
192.27	121.61
192.49	-54.51
192.70	37.65
192.92	336.65
193.13	-17.65
193.35	166.67
193.56	221.96
193.78	328.46
193.99	201.48
194.21	181.00
194.42	273.16
194.63	138.00
194.85	172.81
195.06	135.95
195.28	76.56
195.49	54.03
195.71	248.59
195.92	183.05
196.14	90.89
196.35	181.00
196.57	56.08
196.78	181.00
197.00	150.28
197.21	51.98
197.42	99.08
197.64	17.17
197.85	2.83
198.07	228.11
198.28	86.80
198.50	213.77
198.71	11.02
198.93	31.50
199.14	41.74
199.36	199.43
199.57	189.20
199.78	187.15
200.00	273.16
200.21	146.19
200.43	393.99
200.64	154.38
200.86	121.61
201.07	11.02
201.29	187.15
201.50	82.70
201.71	70.41
201.93	6.93
202.14	191.24
202.36	51.98
202.57	33.55
202.79	322.31
203.00	162.57
203.21	115.47
203.43	115.47
203.64	58.13
203.86	56.08
204.07	54.03
204.29	2.83
204.50	142.09
204.72	279.31
204.93	207.63
205.14	101.13
205.36	74.51
205.57	47.89
205.79	277.26
206.00	336.65
206.22	82.70
206.43	305.93
206.64	181.00
206.86	187.15
207.07	-25.84
207.29	138.00
207.50	316.17
207.72	178.96
207.93	-25.84
208.14	285.45
208.36	88.84
208.57	6.93
208.79	197.39
209.00	68.36
209.21	156.43
209.43	31.50
209.64	121.61
209.86	168.72
210.07	150.28
210.29	123.66
210.50	41.74
210.71	62.22
210.93	45.84
211.14	355.08
211.36	248.59
211.57	103.18
211.78	252.68
212.00	72.46
212.21	51.98
212.43	230.15
212.64	293.64
212.85	191.24
213.07	56.08
213.28	242.44
213.50	111.37
213.71	185.10
213.92	170.76
214.14	178.96
214.35	131.85
214.57	-48.37
214.78	109.32
214.99	185.10
215.21	172.81
215.42	221.96
215.64	234.25
215.85	-13.55
216.06	154.38
216.28	140.04
216.49	230.15
216.71	154.38
216.92	82.70
217.13	158.48
217.35	117.52
217.56	107.28
217.78	82.70
217.99	109.32
218.20	129.80
218.42	68.36
218.63	146.19
218.84	115.47
219.06	6.93
219.27	117.52
219.49	164.62
219.70	203.53
219.91	125.71
220.13	109.32
220.34	148.24
220.56	105.23
220.77	97.04
220.98	-29.94
221.20	238.35
221.41	160.52
221.62	123.66
221.84	219.91
222.05	283.40
222.27	168.72
222.48	27.41
222.69	158.48
222.91	154.38
223.12	56.08
223.33	4.88
223.55	457.48
223.76	185.10
223.97	-11.51
224.19	84.75
224.40	62.22
224.62	185.10
224.83	297.74
225.04	269.07
225.26	287.50
225.47	47.89
225.68	181.00
225.90	174.86
226.11	68.36
226.32	230.15
226.54	51.98
226.75	35.60
226.97	70.41
227.18	68.36
227.39	371.46
227.61	195.34
227.82	162.57
228.03	56.08
228.25	172.81
228.46	226.06
228.67	236.30
228.89	252.68
229.10	111.37
229.31	267.02
229.53	23.31
229.74	-17.65
229.95	201.48
230.17	146.19
230.38	310.03
230.59	191.24
230.81	187.15
231.02	158.48
231.24	269.07
231.45	99.08
231.66	-34.03
231.88	135.95
232.09	178.96
232.30	111.37
232.52	88.84
232.73	97.04
232.94	92.94
233.16	170.76
233.37	111.37
233.58	-31.99
233.80	162.57
234.01	203.53
234.22	256.78
234.44	195.34
234.65	236.30
234.86	230.15
235.08	236.30
235.29	45.84
235.50	342.79
235.72	207.63
235.93	-19.70
236.14	64.27
236.35	264.97
236.57	121.61
236.78	148.24
236.99	31.50
237.21	250.63
237.42	49.93
237.63	189.20
237.85	11.02
238.06	148.24
238.27	264.97
238.49	133.90
238.70	35.60
238.91	174.86
239.13	58.13
239.34	72.46
239.55	230.15
239.77	-1.27
239.98	123.66
240.19	178.96
240.40	219.91
240.62	94.99
240.83	138.00
241.04	101.13
241.26	43.79
241.47	226.06
241.68	88.84
241.90	90.89
242.11	115.47
242.32	348.94
242.54	78.60
242.75	78.60
242.96	166.67
243.17	187.15
243.39	148.24
243.60	107.28
243.81	195.34
244.03	348.94
244.24	281.35
244.45	31.50
244.66	267.02
244.88	310.03
245.09	138.00
245.30	58.13
245.52	47.89
245.73	84.75
245.94	68.36
246.15	62.22
246.37	285.45
246.58	-72.94
246.79	131.85
247.01	6.93
247.22	56.08
247.43	78.60
247.64	219.91
247.86	240.39
248.07	135.95
248.28	-101.62
248.50	78.60
248.71	170.76
248.92	236.30
249.13	11.02
249.35	119.56
249.56	111.37
249.77	262.92
249.99	342.79
250.20	76.56
250.41	152.33
250.62	135.95
250.84	43.79
251.05	66.32
251.26	264.97
251.47	144.14
251.69	21.26
251.90	99.08
252.11	189.20
252.32	58.13
252.54	60.17
252.75	203.53
252.96	146.19
253.18	-5.36
253.39	74.51
253.60	224.01
253.81	54.03
254.03	-5.36
254.24	244.49
254.45	56.08
254.66	258.83
254.88	164.62
255.09	94.99
255.30	199.43
255.51	113.42
255.73	199.43
255.94	101.13
256.15	58.13
256.36	207.63
256.58	178.96
256.79	68.36
257.00	119.56
257.21	-56.56
257.43	348.94
257.64	70.41
257.85	271.11
258.06	33.55
258.28	197.39
258.49	88.84
258.70	305.93
258.91	74.51
259.13	256.78
259.34	109.32
259.55	129.80
259.76	252.68
259.97	97.04
260.19	191.24
260.40	68.36
260.61	181.00
260.82	13.07
261.04	94.99
261.25	97.04
261.46	-46.32
261.67	58.13
261.89	47.89
262.10	109.32
262.31	185.10
262.52	23.31
262.73	252.68
262.95	88.84
263.16	187.15
263.37	178.96
263.58	97.04
263.80	119.56
264.01	119.56
264.22	107.28
264.43	82.70
264.64	332.55
264.86	-23.79
265.07	152.33
265.28	60.17
265.49	35.60
265.71	314.12
265.92	267.02
266.13	193.29
266.34	391.94
266.55	217.87
266.77	398.09
266.98	25.36
267.19	260.87
267.40	135.95
267.61	47.89
267.83	150.28
268.04	113.42
268.25	70.41
268.46	103.18
268.67	58.13
268.89	94.99
269.10	185.10
269.31	-15.60
269.52	283.40
269.73	224.01
269.95	142.09
270.16	441.10
270.37	92.94
270.58	99.08
270.79	-60.66
271.01	84.75
271.22	203.53
271.43	166.67
271.64	150.28
271.85	131.85
272.07	-44.27
272.28	193.29
272.49	133.90
272.70	168.72
272.91	193.29
273.13	205.58
273.34	45.84
273.55	213.77
273.76	19.21
273.97	97.04
274.18	144.14
274.40	97.04
274.61	160.52
274.82	232.20
275.03	156.43
275.24	183.05
275.45	146.19
275.67	146.19
275.88	195.34
276.09	228.11
276.30	221.96
276.51	217.87
276.73	88.84
276.94	228.11
277.15	170.76
277.36	221.96
277.57	107.28
277.78	21.26
278.00	213.77
278.21	191.24
278.42	78.60
278.63	49.93
278.84	0.78
279.05	60.17
279.27	27.41
279.48	72.46
279.69	189.20
279.90	211.72
280.11	275.21
280.32	56.08
280.53	127.76
280.75	94.99
280.96	172.81
281.17	92.94
281.38	84.75
281.59	45.84
281.80	299.79
282.02	297.74
282.23	244.49
282.44	142.09
282.65	164.62
282.86	56.08
283.07	78.60
283.28	54.03
283.50	201.48
283.71	187.15
283.92	92.94
284.13	86.80
284.34	64.27
284.55	121.61
284.76	164.62
284.98	242.44
285.19	242.44
285.40	105.23
285.61	152.33
285.82	150.28
286.03	138.00
286.24	76.56
286.45	176.91
286.67	113.42
286.88	109.32
287.09	160.52
287.30	97.04
287.51	207.63
287.72	99.08
287.93	187.15
288.15	117.52
288.36	-27.89
288.57	107.28
288.78	68.36
288.99	144.14
289.20	-17.65
289.41	205.58
289.62	21.26
289.83	238.35
290.05	31.50
290.26	-1.27
290.47	-15.60
290.68	148.24
290.89	43.79
291.10	33.55
291.31	76.56
291.52	21.26
291.74	111.37
291.95	189.20
292.16	35.60
292.37	166.67
292.58	35.60
292.79	133.90
293.00	185.10
293.21	201.48
293.42	41.74
293.63	76.56
293.85	117.52
294.06	72.46
294.27	234.25
294.48	273.16
294.69	72.46
294.90	76.56
295.11	101.13
295.32	54.03
295.53	135.95
295.74	105.23
295.96	203.53
296.17	-19.70
296.38	316.17
296.59	80.65
296.80	213.77
297.01	15.12
297.22	49.93
297.43	199.43
297.64	76.56
297.85	170.76
298.06	35.60
298.28	148.24
298.49	99.08
298.70	64.27
298.91	224.01
299.12	230.15
299.33	-11.51
299.54	178.96
299.75	191.24
299.96	258.83
300.17	92.94
300.38	86.80
300.59	70.41
300.80	201.48
301.02	6.93
301.23	156.43
301.44	129.80
301.65	174.86
301.86	-144.62
302.07	193.29
302.28	-1.27
302.49	0.78
302.70	45.84
302.91	4.88
303.12	312.07
303.33	54.03
303.54	209.67
303.75	191.24
303.96	285.45
304.18	205.58
304.39	47.89
304.60	84.75
304.81	92.94
305.02	92.94
305.23	156.43
305.44	39.69
305.65	80.65
305.86	269.07
306.07	103.18
306.28	125.71
306.49	62.22
306.70	2.83
306.91	131.85
307.12	70.41
307.33	60.17
307.54	49.93
307.75	27.41
307.96	92.94
308.17	123.66
308.39	199.43
308.60	129.80
308.81	119.56
309.02	262.92
309.23	-42.23
309.44	244.49
309.65	334.60
309.86	176.91
310.07	160.52
310.28	25.36
310.49	172.81
310.70	121.61
310.91	357.13
311.12	107.28
311.33	191.24
311.54	281.35
311.75	170.76
311.96	187.15
312.17	23.31
312.38	-70.90
312.59	23.31
312.80	189.20
313.01	-27.89
313.22	8.97
313.43	193.29
313.64	201.48
313.85	76.56
314.06	94.99
314.27	262.92
314.48	-107.76
314.69	-17.65
314.90	258.83
315.11	129.80
315.32	199.43
315.53	119.56
315.74	148.24
315.95	94.99
316.16	76.56
316.37	246.54
316.58	23.31
316.79	-50.42
317.00	193.29
317.21	-58.61
317.42	129.80
317.63	43.79
317.84	60.17
318.05	215.82
318.26	277.26
318.47	238.35
318.68	144.14
318.89	174.86
319.10	27.41
319.31	-27.89
319.52	131.85
319.73	88.84
319.94	-11.51
320.15	11.02
320.36	295.69
320.57	0.78
320.78	103.18
320.99	129.80
321.20	-19.70
321.41	109.32
321.62	49.93
321.83	72.46
322.04	82.70
322.25	162.57
322.46	334.60
322.67	211.72
322.88	109.32
323.09	187.15
323.30	51.98
323.51	-11.51
323.72	156.43
323.93	-19.70
324.14	201.48
324.35	172.81
324.56	297.74
324.77	117.52
324.98	82.70
325.19	326.41
325.40	133.90
325.61	107.28
325.82	174.86
326.03	-19.70
326.24	88.84
326.45	58.13
326.66	123.66
326.87	68.36
327.08	252.68
327.29	174.86
327.50	107.28
327.71	78.60
327.91	150.28
328.12	166.67
328.33	54.03
328.54	-62.71
328.75	84.75
328.96	244.49
329.17	127.76
329.38	115.47
329.59	-17.65
329.80	213.77
330.01	158.48
330.22	49.93
330.43	84.75
330.64	129.80
330.85	105.23
331.06	213.77
331.27	191.24
331.48	162.57
331.69	176.91
331.89	164.62
332.10	277.26
332.31	109.32
332.52	195.34
332.73	164.62
332.94	8.97
333.15	168.72
333.36	82.70
333.57	15.12
333.78	113.42
333.99	295.69
334.20	142.09
334.41	138.00
334.62	312.07
334.83	68.36
335.03	86.80
335.24	58.13
335.45	43.79
335.66	250.63
335.87	174.86
336.08	224.01
336.29	66.32
336.50	181.00
336.71	203.53
336.92	101.13
337.13	107.28
337.34	127.76
337.55	203.53
337.75	129.80
337.96	240.39
338.17	21.26
338.38	291.59
338.59	80.65
338.80	123.66
339.01	209.67
339.22	160.52
339.43	101.13
339.64	54.03
339.85	49.93
340.05	228.11
340.26	21.26
340.47	-72.94
340.68	172.81
340.89	86.80
341.10	115.47
341.31	187.15
341.52	92.94
341.73	236.30
341.94	109.32
342.14	297.74
342.35	195.34
342.56	375.56
342.77	35.60
342.98	178.96
343.19	211.72
343.40	330.50
343.61	62.22
343.82	107.28
344.02	224.01
344.23	68.36
344.44	185.10
344.65	82.70
344.86	109.32
345.07	90.89
345.28	168.72
345.49	232.20
345.69	201.48
345.90	271.11
346.11	142.09
346.32	244.49
346.53	250.63
346.74	168.72
346.95	74.51
347.16	326.41
347.36	387.85
347.57	217.87
347.78	342.79
347.99	166.67
348.20	482.05
348.41	283.40
348.62	234.25
348.83	62.22
349.03	111.37
349.24	164.62
349.45	121.61
349.66	158.48
349.87	240.39
350.08	90.89
350.29	144.14
350.49	45.84
350.70	224.01
350.91	226.06
351.12	156.43
351.33	74.51
351.54	447.24
351.74	121.61
351.95	-3.31
352.16	150.28
352.37	27.41
352.58	170.76
352.79	232.20
353.00	199.43
353.20	365.32
353.41	295.69
353.62	252.68
353.83	191.24
354.04	178.96
354.25	168.72
354.45	314.12
354.66	37.65
354.87	15.12
355.08	273.16
355.29	125.71
355.50	252.68
355.70	232.20
355.91	318.22
356.12	43.79
356.33	164.62
356.54	152.33
356.75	301.83
356.95	248.59
357.16	78.60
357.37	78.60
357.58	142.09
357.79	176.91
358.00	267.02
358.20	78.60
358.41	11.02
358.62	174.86
358.83	119.56
359.04	43.79
359.24	109.32
359.45	285.45
359.66	43.79
359.87	185.10
360.08	389.90
360.29	260.87
360.49	355.08
360.70	299.79
360.91	236.30
361.12	187.15
361.33	92.94
361.53	138.00
361.74	113.42
361.95	72.46
362.16	238.35
362.37	125.71
362.57	-25.84
362.78	27.41
362.99	74.51
363.20	142.09
363.41	115.47
363.61	152.33
363.82	109.32
364.03	168.72
364.24	99.08
364.45	41.74
364.65	72.46
364.86	135.95
365.07	56.08
365.28	17.17
365.48	228.11
365.69	219.91
365.90	13.07
366.11	84.75
366.32	-42.23
366.52	11.02
366.73	90.89
366.94	72.46
367.15	-19.70
367.35	82.70
367.56	82.70
367.77	148.24
367.98	164.62
368.19	92.94
368.39	25.36
368.60	99.08
368.81	51.98
369.02	-62.71
369.22	203.53
369.43	97.04
369.64	127.76
369.85	-7.41
370.05	-1.27
370.26	47.89
370.47	6.93
370.68	19.21
370.89	221.96
371.09	248.59
371.30	-17.65
371.51	25.36
371.72	238.35
371.92	45.84
372.13	125.71
372.34	56.08
372.55	11.02
372.75	19.21
372.96	97.04
373.17	88.84
373.38	217.87
373.58	119.56
373.79	23.31
374.00	43.79
374.21	45.84
374.41	58.13
374.62	285.45
374.83	135.95
375.04	39.69
375.24	33.55
375.45	158.48
375.66	174.86
375.86	-11.51
376.07	51.98
376.28	41.74
376.49	105.23
376.69	80.65
376.90	92.94
377.11	283.40
377.32	109.32
377.52	-25.84
377.73	66.32
377.94	119.56
378.15	430.86
378.35	92.94
378.56	-44.27
378.77	348.94
378.97	209.67
379.18	-46.32
379.39	31.50
379.60	-3.31
379.80	66.32
380.01	146.19
380.22	23.31
380.42	154.38
380.63	-27.89
380.84	178.96
381.05	144.14
381.25	129.80
381.46	242.44
381.67	6.93
381.87	191.24
382.08	226.06
382.29	183.05
382.49	78.60
382.70	117.52
382.91	129.80
383.12	78.60
383.32	156.43
383.53	113.42
383.74	-134.38
383.94	154.38
384.15	148.24
384.36	6.93
384.56	332.55
384.77	197.39
384.98	174.86
385.19	78.60
385.39	162.57
385.60	103.18
385.81	51.98
386.01	246.54
386.22	117.52
386.43	166.67
386.63	154.38
386.84	107.28
387.05	92.94
387.25	181.00
387.46	244.49
387.67	68.36
387.87	84.75
388.08	183.05
388.29	123.66
388.49	181.00
388.70	250.63
388.91	148.24
389.11	301.83
389.32	154.38
389.53	78.60
389.73	49.93
389.94	51.98
390.15	33.55
390.35	232.20
390.56	88.84
390.77	256.78
390.97	297.74
391.18	-11.51
391.39	54.03
391.59	21.26
391.80	62.22
392.01	0.78
392.21	72.46
392.42	168.72
392.63	88.84
392.83	19.21
393.04	103.18
393.25	203.53
393.45	101.13
393.66	27.41
393.87	117.52
394.07	115.47
394.28	297.74
394.49	62.22
394.69	-29.94
394.90	105.23
395.10	29.45
395.31	105.23
395.52	0.78
395.72	76.56
395.93	105.23
396.14	107.28
396.34	219.91
396.55	213.77
396.76	113.42
396.96	144.14
397.17	158.48
397.37	248.59
397.58	119.56
397.79	138.00
397.99	60.17
398.20	45.84
398.41	195.34
398.61	133.90
398.82	133.90
399.02	201.48
399.23	-64.75
399.44	39.69
399.64	35.60
399.85	146.19
400.06	45.84
400.26	148.24
400.47	15.12
400.67	254.73
400.88	88.84
401.09	123.66
401.29	105.23
401.50	127.76
401.70	86.80
401.91	-118.00
402.12	125.71
402.32	13.07
402.53	127.76
402.73	23.31
402.94	181.00
403.15	76.56
403.35	17.17
403.56	68.36
403.76	205.58
403.97	215.82
404.18	264.97
404.38	88.84
404.59	15.12
404.79	51.98
405.00	11.02
405.21	74.51
405.41	213.77
405.62	150.28
405.82	-62.71
406.03	236.30
406.24	129.80
406.44	154.38
406.65	56.08
406.85	84.75
407.06	236.30
407.26	166.67
407.47	-42.23
407.68	264.97
407.88	191.24
408.09	94.99
408.29	172.81
408.50	211.72
408.70	66.32
408.91	203.53
409.12	56.08
409.32	39.69
409.53	97.04
409.73	39.69
409.94	64.27
410.14	86.80
410.35	60.17
410.56	39.69
410.76	117.52
410.97	94.99
411.17	92.94
411.38	97.04
411.58	142.09
411.79	117.52
411.99	99.08
412.20	72.46
412.41	162.57
412.61	148.24
412.82	205.58
413.02	197.39
413.23	121.61
413.43	-36.08
413.64	-19.70
413.84	156.43
414.05	131.85
414.26	123.66
414.46	41.74
414.67	191.24
414.87	119.56
415.08	66.32
415.28	11.02
415.49	213.77
415.69	109.32
415.90	-34.03
416.10	146.19
416.31	60.17
416.51	129.80
416.72	140.04
416.92	148.24
417.13	-42.23
417.34	158.48
417.54	78.60
417.75	168.72
417.95	131.85
418.16	115.47
418.36	109.32
418.57	-50.42
418.77	269.07
418.98	170.76
419.18	197.39
419.39	199.43
419.59	203.53
419.80	-13.55
420.00	197.39
420.21	332.55
420.41	113.42
420.62	129.80
420.82	117.52
421.03	138.00
421.23	269.07
421.44	92.94
421.64	35.60
421.85	-7.41
422.05	109.32
422.26	123.66
422.46	29.45
422.67	23.31
422.87	113.42
423.08	181.00
423.28	142.09
423.49	119.56
423.69	195.34
423.90	215.82
424.10	107.28
424.31	88.84
424.51	51.98
424.72	80.65
424.92	6.93
425.13	121.61
425.33	101.13
425.54	121.61
425.74	123.66
425.95	123.66
426.15	-23.79
426.36	-58.61
426.56	27.41
426.77	86.80
426.97	68.36
427.18	90.89
427.38	297.74
427.58	-36.08
427.79	-38.13
427.99	109.32
428.20	41.74
428.40	15.12
428.61	168.72
428.81	103.18
429.02	131.85
429.22	49.93
429.43	183.05
429.63	107.28
429.84	142.09
430.04	133.90
430.25	6.93
430.45	121.61
430.65	301.83
430.86	0.78
431.06	101.13
431.27	158.48
431.47	135.95
431.68	-38.13
431.88	221.96
432.09	181.00
432.29	187.15
432.49	-23.79
432.70	195.34
432.90	6.93
433.11	135.95
433.31	88.84
433.52	66.32
433.72	60.17
433.93	105.23
434.13	54.03
434.33	129.80
434.54	187.15
434.74	21.26
434.95	103.18
435.15	230.15
435.36	92.94
435.56	84.75
435.76	207.63
435.97	37.65
436.17	31.50
436.38	275.21
436.58	-38.13
436.79	138.00
436.99	269.07
437.19	146.19
437.40	256.78
437.60	6.93
437.81	101.13
438.01	72.46
438.22	129.80
438.42	68.36
438.62	183.05
438.83	195.34
439.03	297.74
439.24	293.64
439.44	277.26
439.64	-25.84
439.85	111.37
440.05	297.74
440.26	37.65
440.46	62.22
440.66	142.09
440.87	162.57
441.07	119.56
441.28	17.17
441.48	45.84
441.68	209.67
441.89	183.05
442.09	187.15
442.30	387.85
442.50	105.23
442.70	152.33
442.91	264.97
443.11	178.96
443.32	271.11
443.52	109.32
443.72	99.08
443.93	86.80
444.13	142.09
444.33	326.41
444.54	107.28
444.74	125.71
444.95	129.80
445.15	310.03
445.35	170.76
445.56	103.18
445.76	199.43
445.96	117.52
446.17	140.04
446.37	78.60
446.58	121.61
446.78	228.11
446.98	54.03
447.19	324.36
447.39	11.02
447.59	107.28
447.80	146.19
448.00	166.67
448.21	103.18
448.41	162.57
448.61	172.81
448.82	41.74
449.02	215.82
449.22	37.65
449.43	111.37
449.63	125.71
449.83	113.42
450.04	228.11
450.24	115.47
450.44	129.80
450.65	113.42
450.85	264.97
451.05	211.72
451.26	164.62
451.46	37.65
451.66	199.43
451.87	221.96
452.07	158.48
452.27	4.88
452.48	88.84
452.68	127.76
452.88	-9.46
453.09	166.67
453.29	-36.08
453.49	84.75
453.70	176.91
453.90	213.77
454.10	123.66
454.31	66.32
454.51	121.61
454.71	68.36
454.92	172.81
455.12	312.07
455.32	267.02
455.53	344.84
455.73	90.89
455.93	72.46
456.14	209.67
456.34	68.36
456.54	-38.13
456.75	162.57
456.95	203.53
457.15	51.98
457.36	88.84
457.56	103.18
457.76	314.12
457.96	76.56
458.17	326.41
458.37	60.17
458.57	29.45
458.78	54.03
458.98	283.40
459.18	47.89
459.39	146.19
459.59	-64.75
459.79	2.83
459.99	107.28
460.20	135.95
460.40	158.48
460.60	58.13
460.81	-42.23
461.01	158.48
461.21	174.86
461.41	207.63
461.62	121.61
461.82	37.65
462.02	138.00
462.23	195.34
462.43	244.49
462.63	213.77
462.83	105.23
463.04	273.16
463.24	301.83
463.44	86.80
463.65	248.59
463.85	92.94
464.05	66.32
464.25	78.60
464.46	82.70
464.66	64.27
464.86	82.70
465.06	142.09
465.27	256.78
465.47	107.28
465.67	127.76
465.87	322.31
466.08	277.26
466.28	242.44
466.48	269.07
466.68	109.32
466.89	90.89
467.09	58.13
467.29	299.79
467.49	121.61
467.70	148.24
467.90	248.59
468.10	113.42
468.30	-42.23
468.51	117.52
468.71	127.76
468.91	0.78
469.11	154.38
469.32	207.63
469.52	191.24
469.72	217.87
469.92	56.08
470.13	125.71
470.33	156.43
470.53	11.02
470.73	90.89
470.94	193.29
471.14	183.05
471.34	187.15
471.54	217.87
471.74	176.91
471.95	74.51
472.15	103.18
472.35	181.00
472.55	207.63
472.76	211.72
472.96	152.33
473.16	129.80
473.36	133.90
473.56	187.15
473.77	281.35
473.97	303.88
474.17	-36.08
474.37	76.56
474.58	107.28
474.78	113.42
474.98	221.96
475.18	176.91
475.38	260.87
475.59	289.55
475.79	158.48
475.99	45.84
476.19	295.69
476.39	201.48
476.60	74.51
476.80	45.84
477.00	-1.27
477.20	371.46
477.40	260.87
477.61	27.41
477.81	84.75
478.01	131.85
478.21	86.80
478.41	138.00
478.61	105.23
478.82	185.10
479.02	164.62
479.22	258.83
479.42	144.14
479.62	78.60
479.83	260.87
480.03	150.28
480.23	185.10
480.43	88.84
480.63	260.87
480.83	189.20
481.04	312.07
481.24	92.94
481.44	111.37
481.64	29.45
481.84	115.47
482.04	86.80
482.25	109.32
482.45	43.79
482.65	-13.55
482.85	129.80
483.05	254.73
483.25	158.48
483.46	160.52
483.66	39.69
483.86	303.88
484.06	250.63
484.26	58.13
484.46	105.23
484.67	172.81
484.87	170.76
485.07	185.10
485.27	80.65
485.47	250.63
485.67	256.78
485.87	269.07
486.08	156.43
486.28	66.32
486.48	158.48
486.68	39.69
486.88	39.69
487.08	82.70
487.28	301.83
487.49	271.11
487.69	160.52
487.89	123.66
488.09	119.56
488.29	92.94
488.49	148.24
488.69	21.26
488.89	160.52
489.10	164.62
489.30	84.75
489.50	162.57
489.70	109.32
489.90	68.36
490.10	162.57
490.30	209.67
490.50	19.21
490.70	174.86
490.91	-9.46
491.11	148.24
491.31	164.62
491.51	66.32
491.71	203.53
491.91	41.74
492.11	162.57
492.31	344.84
492.51	-19.70
492.72	103.18
492.92	78.60
493.12	72.46
493.32	166.67
493.52	25.36
493.72	111.37
493.92	31.50
494.12	221.96
494.32	211.72
494.52	150.28
494.73	271.11
494.93	127.76
495.13	133.90
495.33	297.74
495.53	-64.75
495.73	76.56
495.93	70.41
496.13	115.47
496.33	88.84
496.53	113.42
496.73	29.45
496.93	277.26
497.14	244.49
497.34	60.17
497.54	-99.57
497.74	138.00
497.94	203.53
498.14	127.76
498.34	170.76
498.54	107.28
498.74	105.23
498.94	146.19
499.14	107.28
499.34	97.04
499.54	125.71
499.74	90.89
499.94	58.13
500.15	199.43
500.35	58.13
500.55	80.65
500.75	209.67
500.95	21.26
501.15	127.76
501.35	94.99
501.55	29.45
501.75	191.24
501.95	181.00
502.15	103.18
502.35	72.46
502.55	72.46
502.75	240.39
502.95	70.41
503.15	97.04
503.35	242.44
503.55	117.52
503.75	189.20
503.95	207.63
504.15	178.96
504.35	252.68
504.55	283.40
504.75	238.35
504.96	201.48
505.16	269.07
505.36	140.04
505.56	88.84
505.76	82.70
505.96	166.67
506.16	377.61
506.36	-54.51
506.56	365.32
506.76	187.15
506.96	154.38
507.16	146.19
507.36	80.65
507.56	129.80
507.76	254.73
507.96	238.35
508.16	246.54
508.36	215.82
508.56	45.84
508.76	164.62
508.96	43.79
509.16	152.33
509.36	154.38
509.56	197.39
509.76	94.99
509.96	58.13
510.16	142.09
510.36	217.87
510.56	228.11
510.76	234.25
510.96	99.08
511.16	103.18
511.36	121.61
511.56	209.67
511.76	164.62
511.96	273.16
512.16	291.59
512.36	113.42
512.56	170.76
512.76	402.18
512.96	285.45
513.16	320.27
513.36	125.71
513.56	250.63
513.76	129.80
513.95	168.72
514.15	150.28
514.35	203.53
514.55	170.76
514.75	97.04
514.95	84.75
515.15	-11.51
515.35	281.35
515.55	68.36
515.75	154.38
515.95	215.82
516.15	170.76
516.35	183.05
516.55	27.41
516.75	125.71
516.95	29.45
517.15	181.00
517.35	131.85
517.55	152.33
517.75	4.88
517.95	152.33
518.15	140.04
518.35	172.81
518.55	-136.43
518.74	219.91
518.94	105.23
519.14	105.23
519.34	303.88
519.54	244.49
519.74	369.42
519.94	260.87
520.14	189.20
520.34	146.19
520.54	240.39
520.74	113.42
520.94	78.60
521.14	209.67
521.34	135.95
521.54	15.12
521.73	146.19
521.93	203.53
522.13	64.27
522.33	107.28
522.53	189.20
522.73	99.08
522.93	150.28
523.13	107.28
523.33	264.97
523.53	224.01
523.73	236.30
523.93	109.32
524.12	273.16
524.32	39.69
524.52	125.71
524.72	236.30
524.92	230.15
525.12	146.19
525.32	174.86
525.52	154.38
525.72	283.40
525.92	74.51
526.11	133.90
526.31	203.53
526.51	148.24
526.71	125.71
526.91	398.09
527.11	273.16
527.31	203.53
527.51	123.66
527.71	140.04
527.90	264.97
528.10	277.26
528.30	105.23
528.50	211.72
528.70	154.38
528.90	125.71
529.10	230.15
529.30	148.24
529.49	289.55
529.69	269.07
529.89	58.13
530.09	148.24
530.29	293.64
530.49	209.67
530.69	70.41
530.89	252.68
531.08	164.62
531.28	58.13
531.48	160.52
531.68	189.20
531.88	154.38
532.08	56.08
532.28	146.19
532.47	154.38
532.67	84.75
532.87	197.39
533.07	49.93
533.27	252.68
533.47	293.64
533.66	473.86
533.86	379.66
534.06	273.16
534.26	246.54
534.46	418.57
534.66	244.49
534.86	631.56
535.05	459.53
535.25	342.79
535.45	404.23
535.65	283.40
535.85	240.39
536.05	314.12
536.24	166.67
536.44	66.32
536.64	125.71
536.84	160.52
537.04	115.47
537.24	178.96
537.43	125.71
537.63	172.81
537.83	305.93
538.03	142.09
538.23	312.07
538.42	148.24
538.62	187.15
538.82	88.84
539.02	111.37
539.22	72.46
539.41	209.67
539.61	281.35
539.81	111.37
540.01	267.02
540.21	346.89
540.41	187.15
540.60	482.05
540.80	455.43
541.00	633.60
541.20	664.32
541.40	672.52
541.59	400.14
541.79	404.23
541.99	205.58
542.19	283.40
542.38	213.77
542.58	43.79
542.78	119.56
542.98	277.26
543.18	183.05
543.37	97.04
543.57	133.90
543.77	252.68
543.97	178.96
544.17	168.72
544.36	230.15
544.56	234.25
544.76	156.43
544.96	115.47
545.15	86.80
545.35	199.43
545.55	332.55
545.75	375.56
545.94	203.53
546.14	242.44
546.34	164.62
546.54	187.15
546.74	262.92
546.93	236.30
547.13	25.36
547.33	174.86
547.53	224.01
547.72	156.43
547.92	287.50
548.12	248.59
548.32	150.28
548.51	203.53
548.71	201.48
548.91	209.67
549.11	176.91
549.30	342.79
549.50	60.17
549.70	232.20
549.90	-1.27
550.09	262.92
550.29	54.03
550.49	213.77
550.68	197.39
550.88	19.21
551.08	289.55
551.28	127.76
551.47	160.52
551.67	121.61
551.87	234.25
552.07	172.81
552.26	283.40
552.46	125.71
552.66	219.91
552.85	170.76
553.05	189.20
553.25	262.92
553.45	174.86
553.64	199.43
553.84	99.08
554.04	232.20
554.23	164.62
554.43	131.85
554.63	138.00
554.83	414.47
555.02	205.58
555.22	258.83
555.42	64.27
555.61	129.80
555.81	297.74
556.01	148.24
556.21	111.37
556.40	316.17
556.60	281.35
556.80	31.50
556.99	109.32
557.19	217.87
557.39	101.13
557.58	221.96
557.78	144.14
557.98	230.15
558.17	127.76
558.37	260.87
558.57	127.76
558.76	285.45
558.96	154.38
559.16	142.09
559.36	127.76
559.55	330.50
559.75	207.63
559.95	299.79
560.14	219.91
560.34	90.89
560.54	101.13
560.73	254.73
560.93	217.87
561.13	138.00
561.32	113.42
561.52	248.59
561.72	127.76
561.91	250.63
562.11	125.71
562.31	4.88
562.50	78.60
562.70	310.03
562.89	320.27
563.09	35.60
563.29	158.48
563.48	334.60
563.68	363.27
563.88	111.37
564.07	144.14
564.27	271.11
564.47	213.77
564.66	203.53
564.86	201.48
565.06	160.52
565.25	113.42
565.45	105.23
565.64	103.18
565.84	164.62
566.04	267.02
566.23	209.67
566.43	346.89
566.63	295.69
566.82	119.56
567.02	82.70
567.21	264.97
567.41	129.80
567.61	207.63
567.80	152.33
568.00	150.28
568.20	127.76
568.39	144.14
568.59	228.11
568.78	203.53
568.98	262.92
569.18	236.30
569.37	109.32
569.57	244.49
569.76	269.07
569.96	176.91
570.16	199.43
570.35	129.80
570.55	150.28
570.74	54.03
570.94	291.59
571.14	277.26
571.33	432.90
571.53	60.17
571.72	246.54
571.92	242.44
572.12	133.90
572.31	303.88
572.51	267.02
572.70	213.77
572.90	312.07
573.10	88.84
573.29	256.78
573.49	224.01
573.68	230.15
573.88	291.59
574.07	47.89
574.27	187.15
574.47	236.30
574.66	213.77
574.86	88.84
575.05	242.44
575.25	412.42
575.44	262.92
575.64	246.54
575.84	477.96
576.03	365.32
576.23	310.03
576.42	213.77
576.62	152.33
576.81	342.79
577.01	525.06
577.20	789.25
577.40	701.19
577.60	723.71
577.79	664.32
577.99	477.96
578.18	406.28
578.38	418.57
578.57	287.50
578.77	312.07
578.96	295.69
579.16	267.02
579.35	275.21
579.55	183.05
579.75	262.92
579.94	215.82
580.14	226.06
580.33	310.03
580.53	277.26
580.72	207.63
580.92	373.51
581.11	312.07
581.31	404.23
581.50	318.22
581.70	238.35
581.89	398.09
582.09	408.33
582.28	267.02
582.48	277.26
582.67	590.60
582.87	695.04
583.06	633.60
583.26	838.40
583.45	391.94
583.65	353.03
583.85	621.32
584.04	260.87
584.24	486.15
584.43	254.73
584.63	209.67
584.82	398.09
585.02	443.14
585.21	1125.12
585.41	4274.89
585.60	9826.94
585.80	16663.06
585.99	22602.17
586.18	25565.58
586.38	24865.17
586.57	20863.44
586.77	17197.58
586.96	11819.61
587.16	8331.92
587.35	5694.14
587.55	3910.35
587.74	2831.07
587.94	1950.45
588.13	1682.16
588.33	2466.54
588.52	4188.88
588.72	6797.99
588.91	9118.34
589.11	10160.75
589.30	9779.83
589.50	8350.35
589.69	7066.27
589.89	4913.86
590.08	3386.07
590.27	2384.62
590.47	1714.93
590.66	1397.50
590.86	1032.96
591.05	856.83
591.25	791.30
591.44	748.29
591.64	744.19
591.83	545.54
592.03	383.75
592.22	465.67
592.41	428.81
592.61	514.82
592.80	496.39
593.00	473.86
593.19	260.87
593.39	475.91
593.58	361.22
593.78	408.33
593.97	332.55
594.16	383.75
594.36	514.82
594.55	1827.57
594.75	4637.38
594.94	8567.44
595.14	13290.05
595.33	15755.81
595.52	16390.68
595.72	14557.74
595.91	12218.96
596.11	9192.07
596.30	6105.78
596.50	4397.77
596.69	2956.00
596.88	2153.20
597.08	1657.59
597.27	1139.45
597.47	1057.53
597.66	1352.44
597.85	2132.72
598.05	2999.01
598.24	4276.94
598.44	4803.27
598.63	4864.71
598.82	4029.14
599.02	3406.55
599.21	2394.86
599.41	1848.05
599.60	1235.71
599.79	899.84
599.99	813.83
600.18	557.83
600.38	604.93
600.57	494.34
600.76	467.72
600.96	535.30
601.15	342.79
601.35	387.85
601.54	367.37
601.73	314.12
601.93	344.84
602.12	303.88
602.31	260.87
602.51	523.01
602.70	459.53
602.90	588.55
603.09	742.15
603.28	1643.25
603.48	2872.03
603.67	3875.54
603.86	4883.14
604.06	4709.06
604.25	4262.60
604.44	3541.72
604.64	2718.44
604.83	1915.63
605.03	1604.34
605.22	1159.93
605.41	789.25
605.61	627.46
605.80	578.31
605.99	506.63
606.19	510.73
606.38	346.89
606.57	361.22
606.77	494.34
606.96	350.98
607.15	295.69
607.35	688.90
607.54	1966.83
607.73	4061.90
607.93	7420.57
608.12	10922.60
608.31	12501.58
608.51	12620.37
608.70	11025.00
608.89	9104.00
609.09	7043.75
609.28	4727.49
609.47	3560.15
609.67	3668.69
609.86	5962.42
610.05	9745.02
610.25	14383.67
610.44	17555.97
610.63	18237.94
610.83	16562.71
611.02	14047.80
611.21	10797.67
611.40	7140.00
611.60	5081.79
611.79	3572.44
611.98	2456.30
612.18	1899.25
612.37	1420.02
612.56	1002.24
612.76	973.57
612.95	992.00
613.14	901.89
613.33	1078.01
613.53	1231.61
613.72	1395.45
613.91	1311.48
614.11	1348.35
614.30	2417.39
614.49	5833.40
614.68	11881.05
614.88	19255.78
615.07	25598.34
615.26	28012.90
615.46	26751.35
615.65	22884.78
615.84	18606.58
616.03	12989.00
616.23	9007.75
616.42	7058.08
616.61	6623.91
616.81	7738.01
617.00	9239.17
617.19	10594.92
617.38	10603.12
617.58	9273.98
617.77	7768.73
617.96	6144.69
618.15	4348.62
618.35	3101.41
618.54	2247.40
618.73	1581.81
618.92	1131.26
619.12	994.05
619.31	881.41
619.50	637.70
619.69	686.85
619.89	590.60
620.08	443.14
620.27	492.29
620.46	523.01
620.66	424.71
620.85	408.33
621.04	416.52
621.23	400.14
621.43	373.51
621.62	547.59
621.81	1452.79
622.00	2783.97
622.19	5198.53
622.39	7756.44
622.58	9224.83
622.77	9597.56
622.96	8422.03
623.16	7021.22
623.35	5458.62
623.54	3703.51
623.73	2675.43
623.92	1964.78
624.12	1301.24
624.31	987.90
624.50	992.00
624.69	703.24
624.88	578.31
625.08	676.61
625.27	449.29
625.46	424.71
625.65	420.62
625.85	402.18
626.04	688.90
626.23	338.70
626.42	455.43
626.61	1168.12
626.80	3154.65
627.00	6810.28
627.19	11758.17
627.38	15387.17
627.57	17555.97
627.76	17381.89
627.96	14973.48
628.15	12530.25
628.34	8938.12
628.53	6056.63
628.72	4383.44
628.92	3082.97
629.11	2157.29
629.30	1417.98
629.49	1307.39
629.68	768.77
629.87	887.55
630.07	654.08
630.26	721.67
630.45	688.90
630.64	1794.80
630.83	2964.19
631.02	4694.73
631.22	6187.70
631.41	6789.80
631.60	6736.55
631.79	5898.93
631.98	4903.62
632.17	3932.88
632.36	2781.92
632.56	1778.42
632.75	1415.93
632.94	1247.99
633.13	948.99
633.32	1151.74
633.51	2779.88
633.70	7066.27
633.90	12874.31
634.09	19677.67
634.28	23769.51
634.47	24801.68
634.66	22526.39
634.85	19227.11
635.04	15454.75
635.24	10375.79
635.43	7389.85
635.62	4958.91
635.81	3621.59
636.00	2376.43
636.19	1880.82
636.38	1534.71
636.57	1090.30
636.77	1016.57
636.96	975.62
637.15	795.39
637.34	584.45
637.53	555.78
637.72	693.00
637.91	664.32
638.10	789.25
638.29	1852.15
638.49	5327.55
638.68	11151.97
638.87	18541.04
639.06	24486.30
639.25	27494.76
639.44	26605.94
639.63	22923.70
639.82	18979.31
640.01	14383.67
640.20	11729.50
640.39	14985.77
640.59	23591.33
640.78	34924.79
640.97	45537.37
641.16	50786.31
641.35	49352.73
641.54	43022.46
641.73	35850.47
641.92	26093.95
642.11	18270.71
642.30	12581.45
642.49	8665.74
642.68	5776.05
642.87	4088.53
643.07	2822.88
643.26	2294.51
643.45	1764.08
643.64	1233.66
643.83	1084.16
644.02	1129.21
644.21	875.26
644.40	490.25
644.59	480.01
644.78	602.88
644.97	580.36
645.16	406.28
645.35	443.14
645.54	459.53
645.73	533.25
645.92	457.48
646.11	490.25
646.30	408.33
646.50	320.27
646.69	252.68
646.88	582.41
647.07	301.83
647.26	353.03
647.45	340.74
647.64	307.98
647.83	250.63
648.02	385.80
648.21	326.41
648.40	279.31
648.59	447.24
648.78	385.80
648.97	416.52
649.16	371.46
649.35	381.70
649.54	269.07
649.73	490.25
649.92	322.31
650.11	557.83
650.30	596.74
650.49	629.51
650.68	1876.72
650.87	5708.47
651.06	11604.57
651.25	18237.94
651.44	24129.95
651.63	26411.39
651.82	25252.24
652.01	21365.19
652.20	17627.65
652.39	12776.01
652.58	8860.29
652.77	6269.61
652.96	4561.61
653.15	3156.70
653.34	3246.81
653.53	4356.81
653.72	7172.77
653.91	10097.27
654.10	12669.52
654.29	13136.45
654.48	12520.01
654.67	10334.83
654.86	8555.15
655.05	6263.47
655.24	4514.51
655.43	2992.86
655.62	2159.34
655.81	1700.60
656.00	1297.15
656.19	998.14
656.38	811.78
656.57	602.88
656.76	649.99
656.94	684.80
657.13	639.75
657.32	453.38
657.51	359.18
657.70	305.93
657.89	350.98
658.08	305.93
658.27	336.65
658.46	285.45
658.65	344.84
658.84	441.10
659.03	277.26
659.22	482.05
659.41	277.26
659.60	359.18
659.79	629.51
659.98	1639.16
660.17	3955.41
660.35	7647.90
660.54	11242.08
660.73	13969.98
660.92	14746.16
661.11	13603.39
661.30	11602.52
661.49	9364.10
661.68	6681.26
661.87	4729.54
662.06	3543.77
662.25	2376.43
662.44	1721.08
662.63	1321.72
662.81	959.23
663.00	805.63
663.19	686.85
663.38	627.46
663.57	566.02
663.76	455.43
663.95	303.88
664.14	379.66
664.33	469.77
664.52	250.63
664.70	377.61
664.89	252.68
665.08	199.43
665.27	238.35
665.46	353.03
665.65	279.31
665.84	449.29
666.03	592.64
666.22	424.71
666.40	518.92
666.59	453.38
666.78	334.60
666.97	328.46
667.16	443.14
667.35	502.53
667.54	439.05
667.73	918.27
667.92	2515.69
668.10	6746.79
668.29	12515.92
668.48	19263.98
668.67	23605.67
668.86	25151.89
669.05	23456.17
669.24	19972.57
669.42	16167.45
669.61	11651.68
669.80	8114.83
669.99	5837.49
670.18	4348.62
670.37	2743.01
670.56	1954.54
670.74	1536.76
670.93	1231.61
671.12	979.71
671.31	1227.52
671.50	844.55
671.69	1202.94
671.87	3005.15
672.06	6372.01
672.25	10345.07
672.44	13742.65
672.63	16032.28
672.82	16271.89
673.00	14463.54
673.19	12227.16
673.38	9376.38
673.57	6791.85
673.76	4737.73
673.95	3455.71
674.13	2392.81
674.32	1743.60
674.51	1151.74
674.70	951.04
674.89	793.35
675.07	719.62
675.26	584.45
675.45	451.34
675.64	537.35
675.83	424.71
676.01	346.89
676.20	193.29
676.39	512.77
676.58	570.12
676.77	357.13
676.95	150.28
677.14	361.22
677.33	301.83
677.52	299.79
677.71	154.38
677.89	234.25
678.08	256.78
678.27	178.96
678.46	310.03
678.65	99.08
678.83	236.30
679.02	174.86
679.21	467.72
679.40	254.73
679.58	305.93
679.77	441.10
679.96	342.79
680.15	301.83
680.34	301.83
680.52	158.48
680.71	127.76
680.90	60.17
681.09	330.50
681.27	203.53
681.46	142.09
681.65	283.40
681.84	221.96
682.02	342.79
682.21	297.74
682.40	279.31
682.59	295.69
682.77	23.31
682.96	135.95
683.15	224.01
683.34	312.07
683.52	451.34
683.71	209.67
683.90	183.05
684.09	76.56
684.27	449.29
684.46	86.80
684.65	238.35
684.84	254.73
685.02	426.76
685.21	250.63
685.40	78.60
685.58	109.32
685.77	193.29
685.96	181.00
686.15	228.11
686.33	250.63
686.52	170.76
686.71	324.36
686.89	287.50
687.08	260.87
687.27	203.53
687.46	78.60
687.64	97.04
687.83	203.53
688.02	178.96
688.20	203.53
688.39	230.15
688.58	334.60
688.77	172.81
688.95	273.16
689.14	365.32
689.33	199.43
689.51	381.70
689.70	207.63
689.89	402.18
690.07	209.67
690.26	334.60
690.45	551.69
690.63	406.28
690.82	131.85
691.01	332.55
691.19	146.19
691.38	379.66
691.57	215.82
691.75	187.15
691.94	357.13
692.13	414.47
692.31	375.56
692.50	183.05
692.69	346.89
692.87	836.35
693.06	2042.61
693.25	4954.82
693.43	9439.87
693.62	13974.07
693.81	16636.43
693.99	18483.70
694.18	16626.19
694.37	14154.29
694.55	11567.71
694.74	8653.45
694.93	6036.15
695.11	4233.93
695.30	3193.57
695.49	2403.05
695.67	1778.42
695.86	1327.87
696.05	948.99
696.23	852.74
696.42	391.94
696.60	576.26
696.79	672.52
696.98	371.46
697.16	539.40
697.35	254.73
697.54	402.18
697.72	326.41
697.91	334.60
698.09	379.66
698.28	138.00
698.47	260.87
698.65	185.10
698.84	469.77
699.02	84.75
699.21	152.33
699.40	228.11
699.58	484.10
699.77	240.39
699.95	320.27
700.14	400.14
700.33	301.83
700.51	353.03
700.70	377.61
700.88	338.70
701.07	443.14
701.26	264.97
701.44	250.63
701.63	334.60
701.81	385.80
702.00	400.14
702.19	410.38
702.37	600.84
702.56	649.99
702.74	1069.82
702.93	1790.71
703.12	2386.67
703.30	5200.57
703.49	12182.10
703.67	22778.29
703.86	34111.75
704.04	43264.12
704.23	47243.33
704.41	44912.74
704.60	38060.23
704.79	32436.51
704.97	24947.09
705.16	17609.22
705.34	13138.50
705.53	9228.93
705.71	6714.02
705.90	4786.88
706.08	3771.09
706.27	2865.89
706.46	2439.91
706.64	1952.50
706.83	1782.51
707.01	1444.60
707.20	1266.43
707.38	918.27
707.57	781.06
707.75	668.42
707.94	498.44
708.12	355.08
708.31	449.29
708.50	393.99
708.68	359.18
708.87	383.75
709.05	301.83
709.24	293.64
709.42	178.96
709.61	275.21
709.79	164.62
709.98	314.12
710.16	326.41
710.35	310.03
710.53	201.48
710.72	346.89
710.90	226.06
711.09	129.80
711.27	183.05
711.46	318.22
711.64	260.87
711.83	211.72
712.01	201.48
712.20	303.88
712.38	420.62
712.57	207.63
712.75	142.09
712.94	250.63
713.12	369.42
713.31	437.00
713.49	242.44
713.68	277.26
713.86	307.98
714.05	236.30
714.23	273.16
714.42	258.83
714.60	203.53
714.79	267.02
714.97	236.30
715.15	359.18
715.34	232.20
715.52	123.66
715.71	318.22
715.89	551.69
716.08	125.71
716.26	256.78
716.45	205.58
716.63	285.45
716.82	158.48
717.00	64.27
717.19	146.19
717.37	238.35
717.55	721.67
717.74	1485.56
717.92	2192.11
718.11	2974.43
718.29	3451.61
718.48	3693.27
718.66	3031.78
718.85	2677.48
719.03	2243.31
719.21	1600.25
719.40	1352.44
719.58	1190.65
719.77	785.15
719.95	582.41
720.14	539.40
720.32	410.38
720.50	441.10
720.69	246.54
720.87	275.21
721.06	416.52
721.24	244.49
721.43	332.55
721.61	498.44
721.79	285.45
721.98	281.35
722.16	148.24
722.35	131.85
722.53	97.04
722.71	178.96
722.90	303.88
723.08	228.11
723.27	248.59
723.45	242.44
723.63	332.55
723.82	166.67
724.00	246.54
724.19	453.38
724.37	523.01
724.55	1071.87
724.74	3562.20
724.92	6994.60
725.10	10990.18
725.29	14637.61
725.47	16366.10
725.66	16245.27
725.84	13969.98
726.02	11962.97
726.21	9783.93
726.39	7064.23
726.57	5237.44
726.76	3840.72
726.94	3087.07
727.13	2204.40
727.31	1626.87
727.49	1176.32
727.68	1133.31
727.86	725.76
728.04	715.52
728.23	645.89
728.41	574.21
728.59	490.25
728.78	453.38
728.96	230.15
729.14	217.87
729.33	271.11
729.51	244.49
729.70	164.62
729.88	82.70
730.06	191.24
730.25	303.88
730.43	105.23
730.61	170.76
730.80	217.87
730.98	213.77
731.16	135.95
731.35	201.48
731.53	211.72
731.71	234.25
731.89	97.04
732.08	209.67
732.26	346.89
732.44	117.52
732.63	142.09
732.81	135.95
732.99	178.96
733.18	21.26
733.36	176.91
733.54	215.82
733.73	127.76
733.91	11.02
734.09	78.60
734.28	154.38
734.46	164.62
734.64	54.03
734.82	99.08
735.01	133.90
735.19	264.97
735.37	6.93
735.56	207.63
735.74	162.57
735.92	142.09
736.10	129.80
736.29	197.39
736.47	115.47
736.65	133.90
736.84	197.39
737.02	236.30
737.20	94.99
737.38	80.65
737.57	350.98
737.75	207.63
737.93	54.03
738.11	62.22
738.30	375.56
738.48	144.14
738.66	94.99
738.84	99.08
739.03	219.91
739.21	135.95
739.39	39.69
739.57	129.80
739.76	72.46
739.94	271.11
740.12	160.52
740.30	156.43
740.49	56.08
740.67	84.75
740.85	199.43
741.03	76.56
741.22	54.03
741.40	176.91
741.58	86.80
741.76	187.15
741.95	56.08
742.13	303.88
742.31	39.69
742.49	195.34
742.68	140.04
742.86	178.96
743.04	115.47
743.22	129.80
743.40	187.15
743.59	236.30
743.77	310.03
743.95	373.51
744.13	1051.39
744.31	1880.82
744.50	2816.74
744.68	3781.33
744.86	4246.22
745.04	3965.65
745.22	3502.81
745.41	3074.78
745.59	2392.81
745.77	1821.43
745.95	1161.98
746.13	1188.60
746.32	953.09
746.50	725.76
746.68	566.02
746.86	514.82
747.04	531.21
747.23	449.29
747.41	305.93
747.59	221.96
747.77	305.93
747.95	596.74
748.13	551.69
748.32	269.07
748.50	221.96
748.68	133.90
748.86	234.25
749.04	334.60
749.22	531.21
749.41	635.65
749.59	893.70
749.77	1049.34
749.95	1078.01
750.13	860.93
750.31	803.59
750.50	652.04
750.68	699.14
750.86	586.50
751.04	357.13
751.22	363.27
751.40	332.55
751.58	170.76
751.77	193.29
751.95	316.17
752.13	404.23
752.31	-9.46
752.49	377.61
752.67	97.04
752.85	191.24
753.03	146.19
753.22	254.73
753.40	113.42
753.58	297.74
753.76	213.77
753.94	301.83
754.12	547.59
754.30	740.10
754.48	889.60
754.67	998.14
754.85	1149.69
755.03	1032.96
755.21	1022.72
755.39	871.17
755.57	703.24
755.75	609.03
755.93	486.15
756.11	350.98
756.29	430.86
756.48	424.71
756.66	277.26
756.84	359.18
757.02	281.35
757.20	230.15
757.38	379.66
757.56	172.81
757.74	248.59
757.92	217.87
758.10	248.59
758.28	217.87
758.46	146.19
758.65	187.15
758.83	76.56
759.01	152.33
759.19	90.89
759.37	84.75
759.55	178.96
759.73	269.07
759.91	158.48
760.09	25.36
760.27	273.16
760.45	125.71
760.63	129.80
760.81	336.65
760.99	183.05
761.17	248.59
761.35	-7.41
761.54	230.15
761.72	135.95
761.90	189.20
762.08	189.20
762.26	138.00
762.44	195.34
762.62	113.42
762.80	203.53
762.98	320.27
763.16	172.81
763.34	162.57
763.52	199.43
763.70	168.72
763.88	109.32
764.06	-48.37
764.24	127.76
764.42	86.80
764.60	109.32
764.78	191.24
764.96	62.22
765.14	219.91
765.32	119.56
765.50	23.31
765.68	94.99
765.86	125.71
766.04	219.91
766.22	307.98
766.40	178.96
766.58	359.18
766.76	209.67
766.94	115.47
767.12	92.94
767.30	-17.65
767.48	76.56
767.66	230.15
767.84	326.41
768.02	113.42
768.20	-25.84
768.38	279.31
768.56	117.52
768.74	174.86
768.92	76.56
769.10	279.31
769.28	197.39
769.46	54.03
769.64	156.43
769.82	97.04
770.00	187.15
770.18	-122.10
770.36	246.54
770.54	191.24
770.72	123.66
770.90	35.60
771.08	172.81
771.25	160.52
771.43	224.01
771.61	240.39
771.79	197.39
771.97	138.00
772.15	170.76
772.33	66.32
772.51	297.74
772.69	-54.51
772.87	240.39
773.05	-3.31
773.23	160.52
773.41	150.28
773.59	201.48
773.77	385.80
773.95	127.76
774.12	70.41
774.30	387.85
774.48	27.41
774.66	260.87
774.84	138.00
775.02	158.48
775.20	76.56
775.38	-23.79
775.56	385.80
775.74	115.47
775.92	170.76
776.10	156.43
776.27	181.00
776.45	33.55
776.63	219.91
776.81	226.06
776.99	125.71
777.17	129.80
777.35	49.93
777.53	148.24
777.71	-87.28
777.89	60.17
778.06	150.28
778.24	92.94
778.42	148.24
778.60	121.61
778.78	197.39
778.96	142.09
779.14	8.97
779.32	170.76
779.49	154.38
779.67	174.86
779.85	166.67
780.03	197.39
780.21	-27.89
780.39	260.87
780.57	199.43
780.75	332.55
780.92	146.19
781.10	242.44
781.28	154.38
781.46	301.83
781.64	314.12
781.82	21.26
781.99	129.80
782.17	281.35
782.35	221.96
782.53	39.69
782.71	123.66
782.89	17.17
783.07	92.94
783.24	33.55
783.42	207.63
783.60	148.24
783.78	176.91
783.96	195.34
784.14	101.13
784.31	84.75
784.49	113.42
784.67	146.19
784.85	47.89
785.03	105.23
785.20	211.72
785.38	107.28
785.56	236.30
785.74	66.32
785.92	209.67
786.10	113.42
786.27	346.89
786.45	74.51
786.63	86.80
786.81	33.55
786.99	82.70
787.16	236.30
787.34	211.72
787.52	135.95
787.70	228.11
787.88	80.65
788.05	148.24
788.23	303.88
788.41	213.77
788.59	205.58
788.76	361.22
788.94	152.33
789.12	107.28
789.30	254.73
789.48	60.17
789.65	297.74
789.83	109.32
790.01	6.93
790.19	109.32
790.36	164.62
790.54	133.90
790.72	70.41
790.90	6.93
791.07	236.30
791.25	195.34
791.43	232.20
791.61	37.65
791.78	84.75
791.96	92.94
792.14	72.46
792.32	72.46
792.49	178.96
792.67	97.04
792.85	230.15
793.03	115.47
793.20	97.04
793.38	197.39
793.56	142.09
793.74	213.77
793.91	193.29
794.09	195.34
794.27	125.71
794.45	41.74
794.62	90.89
794.80	264.97
794.98	109.32
795.15	158.48
795.33	129.80
795.51	138.00
795.69	230.15
795.86	164.62
796.04	246.54
796.22	201.48
796.39	219.91
796.57	277.26
796.75	127.76
796.92	176.91
797.10	111.37
797.28	29.45
797.46	193.29
797.63	74.51
797.81	41.74
797.99	330.50
798.16	70.41
798.34	70.41
798.52	224.01
798.69	129.80
798.87	111.37
799.05	262.92
799.22	90.89
799.40	228.11
799.58	267.02
799.75	201.48
799.93	25.36
800.11	254.73
800.28	80.65
800.46	187.15
800.64	219.91
800.81	162.57
800.99	0.78
801.17	133.90
801.34	156.43
801.52	80.65
801.70	125.71
801.87	176.91
802.05	224.01
802.23	90.89
802.40	312.07
802.58	105.23
802.76	60.17
802.93	97.04
803.11	148.24
803.28	160.52
803.46	217.87
803.64	144.14
803.81	76.56
803.99	101.13
804.17	273.16
804.34	340.74
804.52	94.99
804.70	314.12
804.87	88.84
805.05	285.45
805.22	39.69
805.40	123.66
805.58	31.50
805.75	166.67
805.93	11.02
806.10	148.24
806.28	264.97
806.46	170.76
806.63	76.56
806.81	176.91
806.98	213.77
807.16	170.76
807.34	168.72
807.51	86.80
807.69	224.01
807.86	107.28
808.04	43.79
808.22	-3.31
808.39	154.38
808.57	162.57
808.74	207.63
808.92	217.87
809.09	154.38
809.27	133.90
809.45	240.39
809.62	62.22
809.80	258.83
809.97	156.43
810.15	277.26
810.32	236.30
810.50	262.92
810.68	228.11
810.85	168.72
811.03	197.39
811.20	172.81
811.38	195.34
811.55	164.62
811.73	109.32
811.90	301.83
812.08	138.00
812.25	144.14
812.43	269.07
812.61	66.32
812.78	111.37
812.96	262.92
813.13	187.15
813.31	-64.75
813.48	211.72
813.66	119.56
813.83	174.86
814.01	25.36
814.18	172.81
814.36	205.58
814.53	219.91
814.71	246.54
814.88	346.89
815.06	441.10
815.23	15.12
815.41	285.45
815.58	115.47
815.76	228.11
815.93	248.59
816.11	135.95
816.28	56.08
816.46	94.99
816.63	277.26
816.81	166.67
816.98	207.63
817.16	312.07
817.33	230.15
817.51	56.08
817.68	355.08
817.86	162.57
818.03	170.76
818.21	459.53
818.38	140.04
818.56	285.45
818.73	183.05
818.91	176.91
819.08	299.79
819.26	154.38
819.43	238.35
819.61	-91.38
819.78	39.69
819.96	291.59
820.13	291.59
820.31	152.33
820.48	86.80
820.65	142.09
820.83	115.47
821.00	219.91
821.18	56.08
821.35	129.80
821.53	201.48
821.70	127.76
821.88	236.30
822.05	142.09
822.22	-7.41
822.40	324.36
822.57	80.65
822.75	342.79
822.92	183.05
823.10	58.13
823.27	123.66
823.44	86.80
823.62	0.78
823.79	289.55
823.97	256.78
824.14	35.60
824.32	56.08
824.49	86.80
824.66	152.33
824.84	275.21
825.01	281.35
825.19	138.00
825.36	172.81
825.53	133.90
825.71	117.52
825.88	-11.51
826.06	361.22
826.23	131.85
826.40	68.36
826.58	156.43
826.75	166.67
826.93	348.94
827.10	209.67
827.27	332.55
827.45	123.66
827.62	113.42
827.80	37.65
827.97	191.24
828.14	-27.89
828.32	86.80
828.49	99.08
828.66	295.69
828.84	103.18
829.01	172.81
829.18	260.87
829.36	33.55
829.53	178.96
829.71	158.48
829.88	226.06
830.05	88.84
830.23	236.30
830.40	201.48
830.57	367.37
830.75	211.72
830.92	174.86
831.09	221.96
831.27	170.76
831.44	287.50
831.61	328.46
831.79	262.92
831.96	205.58
832.13	299.79
832.31	246.54
832.48	146.19
832.65	-19.70
832.83	283.40
833.00	41.74
833.17	148.24
833.35	320.27
833.52	334.60
833.69	131.85
833.87	236.30
834.04	299.79
834.21	197.39
834.39	99.08
834.56	264.97
834.73	267.02
834.90	164.62
835.08	150.28
835.25	185.10
835.42	170.76
835.60	201.48
835.77	54.03
835.94	146.19
836.12	193.29
836.29	172.81
836.46	178.96
836.63	215.82
836.81	232.20
836.98	140.04
837.15	-50.42
837.33	326.41
837.50	154.38
837.67	289.55
837.84	187.15
838.02	346.89
838.19	475.91
838.36	412.42
838.53	686.85
838.71	609.03
838.88	572.17
839.05	713.48
839.22	639.75
839.40	656.13
839.57	598.79
839.74	531.21
839.91	424.71
840.09	490.25
840.26	342.79
840.43	264.97
840.60	377.61
840.78	465.67
840.95	420.62
841.12	224.01
841.29	185.10
841.47	217.87
841.64	115.47
841.81	191.24
841.98	203.53
842.16	258.83
842.33	111.37
842.50	131.85
842.67	203.53
842.84	228.11
843.02	168.72
843.19	494.34
843.36	342.79
843.53	178.96
843.70	219.91
843.88	475.91
844.05	246.54
844.22	172.81
844.39	285.45
844.57	246.54
844.74	191.24
844.91	254.73
845.08	334.60
845.25	238.35
845.42	123.66
845.60	439.05
845.77	181.00
845.94	183.05
846.11	234.25
846.28	289.55
846.46	51.98
846.63	-11.51
846.80	156.43
846.97	211.72
847.14	148.24
847.31	203.53
847.49	74.51
847.66	127.76
847.83	187.15
848.00	228.11
848.17	47.89
848.34	107.28
848.52	23.31
848.69	72.46
848.86	68.36
849.03	103.18
849.20	56.08
849.37	1010.43
849.54	121.61
849.72	94.99
849.89	312.07
850.06	375.56
850.23	326.41
850.40	293.64
850.57	246.54
850.74	377.61
850.92	320.27
851.09	463.62
851.26	422.66
851.43	133.90
851.60	236.30
851.77	244.49
851.94	240.39
852.11	443.14
852.28	391.94
852.46	277.26
852.63	523.01
852.80	408.33
852.97	269.07
853.14	189.20
853.31	138.00
853.48	197.39
853.65	135.95
853.82	111.37
854.00	-31.99
854.17	262.92
854.34	76.56
854.51	242.44
854.68	334.60
854.85	101.13
855.02	56.08
855.19	49.93
855.36	256.78
855.53	305.93
855.70	246.54
855.87	140.04
856.04	193.29
856.22	-3.31
856.39	201.48
856.56	-3.31
856.73	293.64
856.90	64.27
857.07	221.96
857.24	207.63
857.41	224.01
857.58	191.24
857.75	207.63
857.92	189.20
858.09	248.59
858.26	160.52
858.43	328.46
858.60	183.05
858.77	271.11
858.94	86.80
859.11	23.31
859.28	127.76
859.46	123.66
859.63	193.29
859.80	244.49
859.97	92.94
860.14	344.84
860.31	84.75
860.48	172.81
860.65	94.99
860.82	195.34
860.99	74.51
861.16	150.28
861.33	172.81
861.50	72.46
861.67	267.02
861.84	121.61
862.01	273.16
862.18	129.80
862.35	166.67
862.52	92.94
862.69	256.78
862.86	189.20
863.03	242.44
863.20	99.08
863.37	307.98
863.54	84.75
863.71	146.19
863.88	148.24
864.05	232.20
864.22	207.63
864.39	107.28
864.56	254.73
864.73	504.58
864.90	291.59
865.07	138.00
865.24	199.43
865.40	279.31
865.57	129.80
865.74	281.35
865.91	97.04
866.08	140.04
866.25	158.48
866.42	221.96
866.59	131.85
866.76	373.51
866.93	262.92
867.10	367.37
867.27	115.47
867.44	291.59
867.61	201.48
867.78	322.31
867.95	154.38
868.12	221.96
868.29	82.70
868.46	97.04
868.62	191.24
868.79	236.30
868.96	404.23
869.13	402.18
869.30	129.80
869.47	398.09
869.64	289.55
869.81	150.28
869.98	148.24
870.15	297.74
870.32	297.74
870.49	275.21
870.65	305.93
870.82	135.95
870.99	54.03
871.16	310.03
871.33	199.43
871.50	213.77
871.67	187.15
871.84	6.93
872.01	166.67
872.18	148.24
872.34	164.62
872.51	236.30
872.68	133.90
872.85	230.15
873.02	230.15
873.19	199.43
873.36	324.36
873.53	318.22
873.69	176.91
873.86	197.39
874.03	328.46
874.20	152.33
874.37	-34.03
874.54	207.63
874.71	49.93
874.87	86.80
875.04	35.60
875.21	103.18
875.38	193.29
875.55	-5.36
875.72	146.19
875.89	56.08
876.05	144.14
876.22	99.08
876.39	189.20
876.56	246.54
876.73	107.28
876.90	99.08
877.06	2.83
877.23	295.69
877.40	181.00
877.57	172.81
877.74	146.19
877.91	232.20
878.07	289.55
878.24	80.65
878.41	336.65
878.58	260.87
878.75	262.92
878.91	240.39
879.08	168.72
879.25	74.51
879.42	230.15
879.59	142.09
879.75	219.91
879.92	357.13
880.09	209.67
880.26	209.67
880.43	170.76
880.59	379.66
880.76	224.01
880.93	297.74
881.10	107.28
881.27	146.19
881.43	498.44
881.60	119.56
881.77	219.91
881.94	105.23
882.11	103.18
882.27	207.63
882.44	197.39
882.61	164.62
882.78	250.63
882.94	51.98
883.11	178.96
883.28	-44.27
883.45	156.43
883.61	168.72
883.78	154.38
883.95	129.80
884.12	62.22
884.28	215.82
884.45	138.00
884.62	113.42
884.79	142.09
884.95	240.39
885.12	232.20
885.29	275.21
885.46	207.63
885.62	170.76
885.79	-1.27
885.96	64.27
886.12	203.53
886.29	152.33
886.46	242.44
886.63	213.77
886.79	162.57
886.96	56.08
887.13	199.43
887.29	279.31
887.46	269.07
887.63	115.47
887.80	94.99
887.96	113.42
888.13	51.98
888.30	127.76
888.46	64.27
888.63	146.19
888.80	213.77
888.97	129.80
889.13	-3.31
889.30	166.67
