176.36	-300.83
176.57	-300.83
176.79	-300.83
177.00	-399.13
177.22	-362.27
177.44	49.37
177.65	270.56
177.87	162.01
178.08	145.63
178.30	127.20
178.52	180.44
178.73	96.48
178.95	188.64
179.16	278.75
179.38	45.28
179.60	92.38
179.81	133.34
180.03	188.64
180.24	166.11
180.46	188.64
180.68	252.12
180.89	88.29
181.11	139.49
181.32	63.71
181.54	114.91
181.76	245.98
181.97	63.71
182.19	112.86
182.40	45.28
182.62	196.83
182.83	413.91
183.05	37.09
183.27	112.86
183.48	254.17
183.70	6.37
183.91	211.16
184.13	96.48
184.35	381.15
184.56	262.36
184.78	143.58
184.99	157.92
185.21	151.77
185.42	282.84
185.64	153.82
185.86	145.63
186.07	30.94
186.29	82.14
186.50	110.81
186.72	123.10
186.93	61.66
187.15	188.64
187.37	67.81
187.58	116.96
187.80	57.57
188.01	368.86
188.23	119.01
188.44	86.24
188.66	129.25
188.87	250.08
189.09	202.97
189.31	119.01
189.52	55.52
189.74	293.08
189.95	162.01
190.17	88.29
190.38	211.16
190.60	110.81
190.82	39.13
191.03	141.53
191.25	299.23
191.46	-40.74
191.68	155.87
191.89	274.65
192.11	383.19
192.32	215.26
192.54	123.10
192.76	221.40
192.97	248.03
193.19	233.69
193.40	88.29
193.62	106.72
193.83	110.81
194.05	274.65
194.26	217.31
194.48	41.18
194.69	170.20
194.91	41.18
195.13	293.08
195.34	125.15
195.56	172.25
195.77	121.05
195.99	-24.35
196.20	82.14
196.42	278.75
196.63	137.44
196.85	213.21
197.06	61.66
197.28	84.19
197.49	90.33
197.71	358.62
197.92	233.69
198.14	233.69
198.36	270.56
198.57	82.14
198.79	411.87
199.00	235.74
199.22	225.50
199.43	100.57
199.65	295.13
199.86	114.91
200.08	116.96
200.29	-18.21
200.51	157.92
200.72	100.57
200.94	63.71
201.15	348.38
201.37	196.83
201.58	121.05
201.80	151.77
202.01	145.63
202.23	106.72
202.44	176.35
202.66	22.75
202.87	168.16
203.09	395.48
203.31	135.39
203.52	162.01
203.74	184.54
203.95	127.20
204.17	301.27
204.38	377.05
204.60	106.72
204.81	299.23
205.03	303.32
205.24	239.84
205.46	39.13
205.67	237.79
205.89	266.46
206.10	219.36
206.32	28.89
206.53	227.55
206.75	268.51
206.96	55.52
207.18	153.82
207.39	145.63
207.61	145.63
207.82	96.48
208.04	164.06
208.25	180.44
208.47	221.40
208.68	88.29
208.90	135.39
209.11	16.61
209.33	174.30
209.54	297.18
209.75	217.31
209.97	116.96
210.18	276.70
210.40	22.75
210.61	180.44
210.83	213.21
211.04	354.52
211.26	190.68
211.47	76.00
211.69	194.78
211.90	145.63
212.12	198.88
212.33	188.64
212.55	211.16
212.76	127.20
212.98	0.22
213.19	149.73
213.41	276.70
213.62	245.98
213.84	299.23
214.05	258.27
214.27	76.00
214.48	133.34
214.69	211.16
214.91	237.79
215.12	248.03
215.34	157.92
215.55	147.68
215.77	116.96
215.98	159.96
216.20	188.64
216.41	170.20
216.63	131.29
216.84	151.77
217.06	145.63
217.27	90.33
217.49	102.62
217.70	174.30
217.91	254.17
218.13	270.56
218.34	172.25
218.56	180.44
218.77	221.40
218.99	116.96
219.20	51.42
219.42	22.75
219.63	237.79
219.85	235.74
220.06	164.06
220.27	215.26
220.49	295.13
220.70	243.93
220.92	114.91
221.13	202.97
221.35	162.01
221.56	137.44
221.78	51.42
221.99	504.02
222.20	223.45
222.42	110.81
222.63	239.84
222.85	127.20
223.06	260.32
223.28	405.72
223.49	327.90
223.70	395.48
223.92	86.24
224.13	299.23
224.35	329.95
224.56	172.25
224.78	307.42
224.99	127.20
225.21	61.66
225.42	198.88
225.63	178.40
225.85	270.56
226.06	225.50
226.28	268.51
226.49	229.60
226.71	211.16
226.92	245.98
227.13	311.51
227.35	342.23
227.56	112.86
227.78	487.64
227.99	170.20
228.20	129.25
228.42	344.28
228.63	233.69
228.85	418.01
229.06	360.67
229.28	223.45
229.49	248.03
229.70	319.71
229.92	194.78
230.13	39.13
230.35	278.75
230.56	303.32
230.77	301.27
230.99	100.57
231.20	227.55
231.42	286.94
231.63	313.56
231.84	235.74
232.06	100.57
232.27	295.13
232.49	450.78
232.70	444.63
232.91	356.57
233.13	303.32
233.34	405.72
233.56	325.85
233.77	174.30
233.98	524.50
234.20	516.31
234.41	176.35
234.63	286.94
234.84	471.26
235.05	254.17
235.27	342.23
235.48	184.54
235.70	334.04
235.91	258.27
236.12	307.42
236.34	162.01
236.55	362.71
236.77	514.26
236.98	293.08
237.19	223.45
237.41	377.05
237.62	202.97
237.83	260.32
238.05	395.48
238.26	211.16
238.48	362.71
238.69	518.36
238.90	444.63
239.12	397.53
239.33	422.10
239.54	415.96
239.76	354.52
239.97	456.92
240.19	432.34
240.40	358.62
240.61	364.76
240.83	565.46
241.04	336.09
241.25	491.74
241.47	411.87
241.68	514.26
241.89	514.26
242.11	532.70
242.32	491.74
242.54	573.65
242.75	518.36
242.96	309.47
243.18	557.27
243.39	573.65
243.60	491.74
243.82	444.63
244.03	420.06
244.24	489.69
244.46	442.58
244.67	346.33
244.89	618.71
245.10	364.76
245.31	514.26
245.53	518.36
245.74	530.65
245.95	573.65
246.17	657.62
246.38	719.06
246.59	610.52
246.81	497.88
247.02	702.68
247.23	764.12
247.45	837.84
247.66	655.57
247.87	751.83
248.09	739.54
248.30	907.47
248.51	948.43
248.73	774.36
248.94	870.61
249.15	932.05
249.37	735.44
249.58	909.52
249.79	1016.02
250.01	1003.73
250.22	1095.89
250.43	1077.45
250.65	1257.68
250.86	1243.34
251.07	1358.03
251.29	1528.01
251.50	1775.81
251.71	1829.06
251.93	2377.92
252.14	3305.64
252.35	5517.45
252.57	11857.96
252.78	22787.97
252.99	37375.65
253.21	49430.00
253.42	57746.80
253.63	60878.14
253.85	61881.65
254.06	58520.93
254.27	49745.38
254.48	39480.96
254.70	27094.85
254.91	16623.59
255.12	9146.45
255.34	5136.53
255.55	3252.40
255.76	2363.58
255.98	2261.18
256.19	1624.26
256.40	1628.36
256.62	1398.99
256.83	1284.30
257.04	1126.61
257.25	1380.55
257.47	966.86
257.68	1128.65
257.89	1013.97
258.11	983.25
258.32	1042.64
258.53	872.66
258.75	858.32
258.96	770.26
259.17	735.44
259.38	702.68
259.60	723.16
259.81	702.68
260.02	637.14
260.24	661.72
260.45	635.09
260.66	790.74
260.88	655.57
261.09	631.00
261.30	645.33
261.51	702.68
261.73	667.86
261.94	637.14
262.15	559.32
262.36	559.32
262.58	657.62
262.79	618.71
263.00	592.09
263.22	729.30
263.43	442.58
263.64	452.82
263.85	438.49
264.07	434.39
264.28	710.87
264.49	694.48
264.71	635.09
264.92	843.99
265.13	649.43
265.34	827.60
265.56	401.63
265.77	676.05
265.98	444.63
266.19	530.65
266.41	477.40
266.62	430.30
266.83	379.10
267.04	456.92
267.26	364.76
267.47	461.02
267.68	536.79
267.90	372.95
268.11	530.65
268.32	563.41
268.53	381.15
268.75	665.81
268.96	276.70
269.17	352.47
269.38	157.92
269.60	321.75
269.81	501.98
270.02	409.82
270.23	420.06
270.45	385.24
270.66	235.74
270.87	375.00
271.08	336.09
271.30	327.90
271.51	295.13
271.72	305.37
271.93	217.31
272.14	391.39
272.36	245.98
272.57	352.47
272.78	309.47
272.99	340.19
273.21	385.24
273.42	342.23
273.63	346.33
273.84	387.29
274.06	235.74
274.27	260.32
274.48	375.00
274.69	424.15
274.91	389.34
275.12	383.19
275.33	278.75
275.54	450.78
275.75	286.94
275.97	407.77
276.18	282.84
276.39	233.69
276.60	354.52
276.82	291.03
277.03	139.49
277.24	178.40
277.45	80.09
277.66	207.07
277.88	164.06
278.09	145.63
278.30	377.05
278.51	366.81
278.72	295.13
278.94	348.38
279.15	211.16
279.36	250.08
279.57	319.71
279.79	180.44
280.00	176.35
280.21	219.36
280.42	319.71
280.63	506.07
280.85	426.20
281.06	278.75
281.27	309.47
281.48	139.49
281.69	342.23
281.91	202.97
282.12	370.91
282.33	311.51
282.54	254.17
282.75	180.44
282.97	162.01
283.18	239.84
283.39	213.21
283.60	356.57
283.81	297.18
284.03	229.60
284.24	223.45
284.45	274.65
284.66	112.86
284.87	241.88
285.08	413.91
285.30	209.12
285.51	235.74
285.72	291.03
285.93	168.16
286.14	239.84
286.36	305.37
286.57	329.95
286.78	196.83
286.99	141.53
287.20	217.31
287.41	215.26
287.63	245.98
287.84	73.95
288.05	243.93
288.26	217.31
288.47	342.23
288.68	162.01
288.90	225.50
289.11	162.01
289.32	395.48
289.53	252.12
289.74	211.16
289.95	331.99
290.17	213.21
290.38	291.03
290.59	366.81
290.80	133.34
291.01	182.49
291.22	155.87
291.44	293.08
291.65	266.46
291.86	260.32
292.07	145.63
292.28	129.25
292.49	229.60
292.70	260.32
292.92	311.51
293.13	420.06
293.34	182.49
293.55	182.49
293.76	225.50
293.97	209.12
294.19	209.12
294.40	176.35
294.61	299.23
294.82	96.48
295.03	401.63
295.24	248.03
295.45	458.97
295.67	325.85
295.88	800.98
296.09	1552.58
296.30	1865.92
296.51	2515.13
296.72	2406.59
296.93	2382.01
297.14	1986.75
297.36	1689.80
297.57	1485.00
297.78	1206.48
297.99	817.36
298.20	729.30
298.41	501.98
298.62	424.15
298.83	303.32
299.05	295.13
299.26	162.01
299.47	301.27
299.68	190.68
299.89	213.21
300.10	250.08
300.31	211.16
300.52	-14.11
300.74	354.52
300.95	80.09
301.16	288.99
301.37	313.56
301.58	276.70
301.79	745.68
302.00	467.16
302.21	663.77
302.42	592.09
302.64	594.13
302.85	583.89
303.06	356.57
303.27	368.86
303.48	276.70
303.69	221.40
303.90	250.08
304.11	100.57
304.32	188.64
304.53	338.14
304.75	198.88
304.96	172.25
305.17	200.92
305.38	100.57
305.59	211.16
305.80	157.92
306.01	188.64
306.22	225.50
306.43	166.11
306.64	190.68
306.85	223.45
307.07	317.66
307.28	192.73
307.49	223.45
307.70	268.51
307.91	69.85
308.12	370.91
308.33	458.97
308.54	231.64
308.75	262.36
308.96	200.92
309.17	385.24
309.38	274.65
309.60	452.82
309.81	268.51
310.02	305.37
310.23	467.16
310.44	354.52
310.65	463.06
310.86	237.79
311.07	147.68
311.28	293.08
311.49	585.94
311.70	854.23
311.91	1964.23
312.12	3252.40
312.33	4987.03
312.54	6598.78
312.76	8114.28
312.97	8702.04
313.18	8294.50
313.39	7121.01
313.60	5974.15
313.81	4485.27
314.02	3627.18
314.23	2621.62
314.44	2033.86
314.65	1374.41
314.86	864.47
315.07	688.34
315.28	309.47
315.49	221.40
315.70	420.06
315.91	123.10
316.12	303.32
316.33	184.54
316.54	227.55
316.76	313.56
316.97	393.43
317.18	284.89
317.39	293.08
317.60	231.64
317.81	153.82
318.02	143.58
318.23	291.03
318.44	231.64
318.65	274.65
318.86	155.87
319.07	381.15
319.28	102.62
319.49	248.03
319.70	207.07
319.91	116.96
320.12	202.97
320.33	143.58
320.54	225.50
320.75	207.07
320.96	180.44
321.17	301.27
321.38	235.74
321.59	276.70
321.80	182.49
322.01	164.06
322.22	135.39
322.43	225.50
322.64	149.73
322.85	336.09
323.06	176.35
323.27	344.28
323.48	280.80
323.69	166.11
323.90	331.99
324.11	272.60
324.32	176.35
324.53	162.01
324.74	69.85
324.95	198.88
325.16	184.54
325.37	176.35
325.58	135.39
325.79	223.45
326.00	231.64
326.21	194.78
326.42	114.91
326.63	112.86
326.84	258.27
327.05	129.25
327.26	37.09
327.47	200.92
327.68	323.80
327.89	76.00
328.10	119.01
328.31	69.85
328.52	301.27
328.73	207.07
328.94	157.92
329.15	143.58
329.36	174.30
329.57	168.16
329.78	237.79
329.99	278.75
330.20	237.79
330.41	149.73
330.62	174.30
330.83	260.32
331.04	155.87
331.25	319.71
331.46	231.64
331.67	-44.83
331.88	248.03
332.09	129.25
332.30	104.67
332.51	108.77
332.72	360.67
332.93	200.92
333.14	258.27
333.35	356.57
333.56	233.69
333.77	362.71
333.98	291.03
334.19	319.71
334.40	463.06
334.61	434.39
334.81	336.09
335.02	114.91
335.23	284.89
335.44	239.84
335.65	198.88
335.86	176.35
336.07	168.16
336.28	221.40
336.49	139.49
336.70	264.41
336.91	20.70
337.12	291.03
337.33	112.86
337.54	182.49
337.75	180.44
337.96	108.77
338.17	20.70
338.38	162.01
338.59	76.00
338.79	243.93
339.00	59.61
339.21	-83.74
339.42	155.87
339.63	63.71
339.84	162.01
340.05	258.27
340.26	153.82
340.47	266.46
340.68	162.01
340.89	282.84
341.10	200.92
341.31	375.00
341.52	-14.11
341.73	164.06
341.93	106.72
342.14	299.23
342.35	47.33
342.56	123.10
342.77	264.41
342.98	110.81
343.19	239.84
343.40	123.10
343.61	112.86
343.82	157.92
344.03	98.53
344.24	252.12
344.44	215.26
344.65	262.36
344.86	147.68
345.07	131.29
345.28	164.06
345.49	162.01
345.70	45.28
345.91	207.07
346.12	219.36
346.33	137.44
346.53	176.35
346.74	22.75
346.95	301.27
347.16	88.29
347.37	241.88
347.58	32.99
347.79	135.39
348.00	157.92
348.21	100.57
348.42	276.70
348.62	137.44
348.83	94.43
349.04	194.78
349.25	116.96
349.46	233.69
349.67	192.73
349.88	112.86
350.09	61.66
350.30	458.97
350.50	57.57
350.71	37.09
350.92	207.07
351.13	0.22
351.34	174.30
351.55	61.66
351.76	176.35
351.97	301.27
352.17	221.40
352.38	288.99
352.59	282.84
352.80	170.20
353.01	215.26
353.22	331.99
353.43	116.96
353.63	61.66
353.84	358.62
354.05	145.63
354.26	282.84
354.47	237.79
354.68	317.66
354.89	90.33
355.10	293.08
355.30	297.18
355.51	233.69
355.72	243.93
355.93	100.57
356.14	104.67
356.35	274.65
356.55	149.73
356.76	245.98
356.97	100.57
357.18	90.33
357.39	223.45
357.60	127.20
357.81	129.25
358.01	219.36
358.22	272.60
358.43	155.87
358.64	250.08
358.85	362.71
359.06	295.13
359.26	387.29
359.47	151.77
359.68	254.17
359.89	194.78
360.10	194.78
360.31	170.20
360.51	168.16
360.72	80.09
360.93	235.74
361.14	205.02
361.35	49.37
361.56	137.44
361.76	205.02
361.97	266.46
362.18	231.64
362.39	321.75
362.60	262.36
362.81	372.95
363.01	280.80
363.22	184.54
363.43	297.18
363.64	403.67
363.85	315.61
364.05	735.44
364.26	3037.36
364.47	6477.95
364.68	9760.84
364.89	11417.65
365.09	12163.11
365.30	10704.96
365.51	8392.80
365.72	6463.61
365.93	5300.37
366.13	4106.40
366.34	3385.52
366.55	2592.95
366.76	1908.93
366.97	1288.40
367.17	837.84
367.38	667.86
367.59	479.45
367.80	344.28
368.01	477.40
368.21	399.58
368.42	266.46
368.63	192.73
368.84	164.06
369.05	157.92
369.25	243.93
369.46	135.39
369.67	309.47
369.88	358.62
370.09	121.05
370.29	196.83
370.50	370.91
370.71	143.58
370.92	237.79
371.12	198.88
371.33	149.73
371.54	141.53
371.75	223.45
371.96	174.30
372.16	346.33
372.37	194.78
372.58	252.12
372.79	145.63
372.99	258.27
373.20	229.60
373.41	391.39
373.62	194.78
373.82	190.68
374.03	256.22
374.24	368.86
374.45	205.02
374.65	94.43
374.86	194.78
375.07	272.60
375.28	282.84
375.48	266.46
375.69	223.45
375.90	288.99
376.11	188.64
376.31	121.05
376.52	149.73
376.73	176.35
376.94	436.44
377.14	121.05
377.35	131.29
377.56	348.38
377.77	403.67
377.97	121.05
378.18	180.44
378.39	186.59
378.60	227.55
378.80	241.88
379.01	178.40
379.22	286.94
379.43	147.68
379.63	258.27
379.84	268.51
380.05	270.56
380.26	309.47
380.46	227.55
380.67	250.08
380.88	323.80
381.08	256.22
381.29	329.95
381.50	198.88
381.71	256.22
381.91	286.94
382.12	381.15
382.33	319.71
382.53	94.43
382.74	303.32
382.95	311.51
383.16	108.77
383.36	465.11
383.57	309.47
383.78	307.42
383.98	211.16
384.19	252.12
384.40	241.88
384.61	198.88
384.81	319.71
385.02	245.98
385.23	258.27
385.43	172.25
385.64	172.25
385.85	305.37
386.05	305.37
386.26	448.73
386.47	202.97
386.68	245.98
386.88	393.43
387.09	231.64
387.30	256.22
387.50	467.16
387.71	256.22
387.92	352.47
388.12	321.75
388.33	196.83
388.54	202.97
388.74	219.36
388.95	78.05
389.16	276.70
389.37	293.08
389.57	389.34
389.78	366.81
389.99	219.36
390.19	270.56
390.40	178.40
390.61	256.22
390.81	151.77
391.02	215.26
391.23	329.95
391.43	297.18
391.64	198.88
391.85	260.32
392.05	364.76
392.26	252.12
392.47	168.16
392.67	268.51
392.88	215.26
393.09	387.29
393.29	250.08
393.50	235.74
393.71	260.32
393.91	209.12
394.12	225.50
394.33	129.25
394.53	303.32
394.74	227.55
394.94	250.08
395.15	327.90
395.36	395.48
395.56	280.80
395.77	217.31
395.98	323.80
396.18	452.82
396.39	297.18
396.60	272.60
396.80	250.08
397.01	276.70
397.22	315.61
397.42	225.50
397.63	252.12
397.83	405.72
398.04	131.29
398.25	176.35
398.45	182.49
398.66	235.74
398.87	194.78
399.07	231.64
399.28	147.68
399.49	438.49
399.69	239.84
399.90	323.80
400.10	231.64
400.31	250.08
400.52	180.44
400.72	47.33
400.93	323.80
401.13	209.12
401.34	196.83
401.55	243.93
401.75	319.71
401.96	325.85
402.17	172.25
402.37	276.70
402.58	489.69
402.78	555.22
402.99	538.84
403.20	329.95
403.40	350.43
403.61	497.88
403.81	1636.55
404.02	5083.28
404.23	9142.36
404.43	11790.38
404.64	11814.96
404.84	11196.47
405.05	8304.74
405.26	5564.55
405.46	3549.35
405.67	2269.37
405.87	1609.93
406.08	1028.30
406.29	592.09
406.49	663.77
406.70	534.74
406.90	467.16
407.11	512.22
407.32	612.57
407.52	653.53
407.73	710.87
407.93	596.18
408.14	415.96
408.34	475.35
408.55	350.43
408.76	276.70
408.96	288.99
409.17	288.99
409.37	170.20
409.58	272.60
409.78	293.08
409.99	356.57
410.20	276.70
410.40	258.27
410.61	303.32
410.81	282.84
411.02	293.08
411.22	270.56
411.43	254.17
411.64	409.82
411.84	288.99
412.05	258.27
412.25	135.39
412.46	125.15
412.66	364.76
412.87	282.84
413.07	200.92
413.28	278.75
413.48	424.15
413.69	188.64
413.90	266.46
414.10	180.44
414.31	288.99
414.51	227.55
414.72	131.29
414.92	291.03
415.13	221.40
415.33	295.13
415.54	198.88
415.74	393.43
415.95	112.86
416.16	250.08
416.36	245.98
416.57	321.75
416.77	315.61
416.98	280.80
417.18	258.27
417.39	88.29
417.59	452.82
417.80	348.38
418.00	448.73
418.21	297.18
418.41	334.04
418.62	166.11
418.82	424.15
419.03	424.15
419.23	340.19
419.44	284.89
419.64	239.84
419.85	235.74
420.05	413.91
420.26	213.21
420.46	209.12
420.67	125.15
420.88	286.94
421.08	313.56
421.29	147.68
421.49	190.68
421.70	198.88
421.90	268.51
422.11	372.95
422.31	311.51
422.52	334.04
422.72	430.30
422.93	262.36
423.13	321.75
423.34	254.17
423.54	217.31
423.75	114.91
423.95	288.99
424.15	311.51
424.36	221.40
424.56	342.23
424.77	239.84
424.97	180.44
425.18	133.34
425.38	180.44
425.59	295.13
425.79	280.80
426.00	258.27
426.20	475.35
426.41	178.40
426.61	221.40
426.82	284.89
427.02	225.50
427.23	194.78
427.43	291.03
427.64	291.03
427.84	243.93
428.05	354.52
428.25	399.58
428.46	309.47
428.66	241.88
428.86	381.15
429.07	264.41
429.27	295.13
429.48	436.44
429.68	342.23
429.89	377.05
430.09	389.34
430.30	440.54
430.50	342.23
430.71	426.20
430.91	325.85
431.11	418.01
431.32	338.14
431.52	471.26
431.73	356.57
431.93	368.86
432.14	426.20
432.34	491.74
432.55	362.71
432.75	409.82
432.95	428.25
433.16	485.59
433.36	553.17
433.57	549.08
433.77	608.47
433.98	674.01
434.18	762.07
434.38	776.40
434.59	1114.32
434.79	1872.07
435.00	5871.75
435.20	16814.05
435.41	29269.79
435.61	35860.16
435.81	37678.75
436.02	33404.64
436.22	26038.10
436.43	16320.49
436.63	10164.29
436.84	6213.76
437.04	3877.03
437.24	2435.26
437.45	1882.31
437.65	1382.60
437.86	1099.98
438.06	927.95
438.26	768.21
438.47	573.65
438.67	514.26
438.88	778.45
439.08	405.72
439.28	581.85
439.49	669.91
439.69	510.17
439.90	495.83
440.10	379.10
440.30	520.41
440.51	604.37
440.71	553.17
440.92	538.84
441.12	737.49
441.32	473.30
441.53	506.07
441.73	657.62
441.94	645.33
442.14	723.16
442.34	485.59
442.55	409.82
442.75	442.58
442.96	518.36
443.16	721.11
443.36	565.46
443.57	559.32
443.77	516.31
443.97	663.77
444.18	520.41
444.38	573.65
444.59	573.65
444.79	573.65
444.99	633.05
445.20	450.78
445.40	489.69
445.60	628.95
445.81	483.54
446.01	682.20
446.21	491.74
446.42	383.19
446.62	542.94
446.83	604.37
447.03	544.98
447.23	483.54
447.44	626.90
447.64	473.30
447.84	624.85
448.05	497.88
448.25	551.13
448.45	518.36
448.66	565.46
448.86	641.24
449.06	461.02
449.27	587.99
449.47	452.82
449.67	635.09
449.88	491.74
450.08	510.17
450.28	401.63
450.49	573.65
450.69	436.44
450.89	528.60
451.10	411.87
451.30	504.02
451.50	338.14
451.71	315.61
451.91	405.72
452.11	338.14
452.32	342.23
452.52	448.73
452.72	407.77
452.93	469.21
453.13	471.26
453.33	407.77
453.54	422.10
453.74	495.83
453.94	604.37
454.15	598.23
454.35	569.56
454.55	389.34
454.76	418.01
454.96	516.31
455.16	276.70
455.37	401.63
455.57	348.38
455.77	418.01
455.97	393.43
456.18	387.29
456.38	354.52
456.58	628.95
456.79	311.51
456.99	542.94
457.19	352.47
457.40	293.08
457.60	344.28
457.80	540.89
458.00	334.04
458.21	321.75
458.41	211.16
458.61	200.92
458.82	323.80
459.02	370.91
459.22	467.16
459.42	342.23
459.63	254.17
459.83	409.82
460.03	405.72
460.24	387.29
460.44	375.00
460.64	340.19
460.84	420.06
461.05	418.01
461.25	409.82
461.45	385.24
461.65	389.34
461.86	454.87
462.06	571.61
462.26	331.99
462.47	418.01
462.67	186.59
462.87	317.66
463.07	309.47
463.28	264.41
463.48	315.61
463.68	305.37
463.88	331.99
464.09	411.87
464.29	217.31
464.49	239.84
464.69	467.16
464.90	461.02
465.10	430.30
465.30	434.39
465.50	282.84
465.71	202.97
465.91	288.99
466.11	497.88
466.31	262.36
466.52	309.47
466.72	454.87
466.92	305.37
467.12	141.53
467.32	327.90
467.53	256.22
467.73	149.73
467.93	362.71
468.13	418.01
468.34	362.71
468.54	346.33
468.74	258.27
468.94	262.36
469.15	266.46
469.35	157.92
469.55	225.50
469.75	276.70
469.95	358.62
470.16	295.13
470.36	356.57
470.56	331.99
470.76	239.84
470.97	174.30
471.17	282.84
471.37	366.81
471.57	430.30
471.77	272.60
471.98	229.60
472.18	184.54
472.38	354.52
472.58	409.82
472.78	415.96
472.99	139.49
473.19	119.01
473.39	272.60
473.59	327.90
473.79	360.67
474.00	248.03
474.20	362.71
474.40	366.81
474.60	225.50
474.80	258.27
475.01	334.04
475.21	377.05
475.41	250.08
475.61	147.68
475.81	119.01
476.01	522.46
476.22	366.81
476.42	229.60
476.62	178.40
476.82	288.99
477.02	260.32
477.23	262.36
477.43	239.84
477.63	227.55
477.83	309.47
478.03	418.01
478.23	303.32
478.44	256.22
478.64	375.00
478.84	344.28
479.04	381.15
479.24	264.41
479.44	311.51
479.64	411.87
479.85	422.10
480.05	198.88
480.25	288.99
480.45	211.16
480.65	223.45
480.85	223.45
481.06	364.76
481.26	223.45
481.46	137.44
481.66	194.78
481.86	469.21
482.06	389.34
482.26	331.99
482.47	114.91
482.67	426.20
482.87	358.62
483.07	309.47
483.27	291.03
483.47	303.32
483.67	315.61
483.88	383.19
484.08	286.94
484.28	409.82
484.48	405.72
484.68	422.10
484.88	307.42
485.08	239.84
485.28	245.98
485.49	157.92
485.69	221.40
485.89	243.93
486.09	428.25
486.29	331.99
486.49	407.77
486.69	297.18
486.89	270.56
487.09	198.88
487.30	248.03
487.50	268.51
487.70	209.12
487.90	317.66
488.10	309.47
488.30	295.13
488.50	229.60
488.70	315.61
488.90	309.47
489.11	499.93
489.31	196.83
489.51	340.19
489.71	188.64
489.91	299.23
490.11	364.76
490.31	276.70
490.51	303.32
490.71	319.71
490.91	375.00
491.11	530.65
491.32	352.47
491.52	336.09
491.72	383.19
491.92	307.42
492.12	440.54
492.32	301.27
492.52	315.61
492.72	264.41
492.92	483.54
493.12	401.63
493.32	387.29
493.52	467.16
493.72	399.58
493.93	370.91
494.13	428.25
494.33	241.88
494.53	346.33
494.73	272.60
494.93	260.32
495.13	264.41
495.33	317.66
495.53	401.63
495.73	479.45
495.93	528.60
496.13	428.25
496.33	172.25
496.53	420.06
496.73	442.58
496.93	383.19
497.13	538.84
497.34	346.33
497.54	346.33
497.74	385.24
497.94	401.63
498.14	391.39
498.34	383.19
498.54	387.29
498.74	311.51
498.94	444.63
499.14	370.91
499.34	288.99
499.54	536.79
499.74	334.04
499.94	393.43
500.14	415.96
500.34	366.81
500.54	458.97
500.74	418.01
500.94	307.42
501.14	360.67
501.34	379.10
501.54	579.80
501.74	280.80
501.94	342.23
502.14	506.07
502.34	506.07
502.54	395.48
502.74	428.25
502.94	440.54
503.14	395.48
503.34	506.07
503.54	461.02
503.74	514.26
503.94	467.16
504.14	483.54
504.34	420.06
504.54	358.62
504.74	485.59
504.94	608.47
505.14	245.98
505.34	690.39
505.54	528.60
505.74	469.21
505.94	499.93
506.14	438.49
506.34	458.97
506.54	585.94
506.74	528.60
506.94	641.24
507.14	540.89
507.34	307.42
507.54	471.26
507.74	362.71
507.94	489.69
508.14	491.74
508.34	514.26
508.54	338.14
508.74	401.63
508.94	432.34
509.14	585.94
509.34	590.04
509.54	608.47
509.74	448.73
509.94	432.34
510.14	415.96
510.34	581.85
510.54	512.22
510.74	598.23
510.94	633.05
511.14	448.73
511.34	420.06
511.54	671.96
511.73	559.32
511.93	579.80
512.13	530.65
512.33	530.65
512.53	493.78
512.73	604.37
512.93	518.36
513.13	524.50
513.33	555.22
513.53	450.78
513.73	452.82
513.93	237.79
514.13	585.94
514.33	352.47
514.53	501.98
514.73	651.48
514.93	510.17
515.12	557.27
515.32	434.39
515.52	448.73
515.72	436.44
515.92	637.14
516.12	506.07
516.32	602.33
516.52	409.82
516.72	596.18
516.92	432.34
517.12	415.96
517.32	389.34
517.52	450.78
517.71	458.97
517.91	391.39
518.11	635.09
518.31	620.76
518.51	708.82
518.71	645.33
518.91	538.84
519.11	446.68
519.31	637.14
519.51	430.30
519.70	463.06
519.90	530.65
520.10	491.74
520.30	364.76
520.50	526.55
520.70	635.09
520.90	463.06
521.10	506.07
521.30	573.65
521.50	563.41
521.69	571.61
521.89	512.22
522.09	696.53
522.29	706.77
522.49	620.76
522.69	407.77
522.89	749.78
523.09	532.70
523.28	499.93
523.48	700.63
523.68	653.53
523.88	604.37
524.08	561.37
524.28	567.51
524.48	725.20
524.68	467.16
524.87	565.46
525.07	641.24
525.27	590.04
525.47	516.31
525.67	688.34
525.87	669.91
526.07	542.94
526.26	473.30
526.46	549.08
526.66	688.34
526.86	635.09
527.06	590.04
527.26	729.30
527.46	631.00
527.65	561.37
527.85	678.10
528.05	579.80
528.25	702.68
528.45	608.47
528.65	450.78
528.84	649.43
529.04	880.85
529.24	626.90
529.44	641.24
529.64	628.95
529.84	540.89
530.03	542.94
530.23	674.01
530.43	719.06
530.63	481.50
530.83	549.08
531.03	694.48
531.22	544.98
531.42	551.13
531.62	596.18
531.82	508.12
532.02	626.90
532.21	712.92
532.41	663.77
532.61	649.43
532.81	628.95
533.01	473.30
533.21	608.47
533.40	479.45
533.60	743.64
533.80	618.71
534.00	538.84
534.20	694.48
534.39	647.38
534.59	592.09
534.79	604.37
534.99	551.13
535.19	493.78
535.38	549.08
535.58	592.09
535.78	596.18
535.98	663.77
536.17	622.81
536.37	590.04
536.57	706.77
536.77	717.01
536.97	639.19
537.16	540.89
537.36	631.00
537.56	520.41
537.76	674.01
537.96	643.29
538.15	667.86
538.35	671.96
538.55	618.71
538.75	790.74
538.94	706.77
539.14	567.51
539.34	596.18
539.54	594.13
539.73	649.43
539.93	682.20
540.13	837.84
540.33	583.89
540.52	608.47
540.72	659.67
540.92	743.64
541.12	702.68
541.31	536.79
541.51	688.34
541.71	800.98
541.91	743.64
542.10	676.05
542.30	649.43
542.50	749.78
542.70	780.50
542.89	911.57
543.09	786.64
543.29	868.56
543.49	866.51
543.68	800.98
543.88	817.36
544.08	956.62
544.28	1257.68
544.47	1425.61
544.67	1661.13
544.87	4341.92
545.07	12972.06
545.26	27526.97
545.46	45907.49
545.66	57613.68
545.85	60495.17
546.05	55457.17
546.25	45643.30
546.45	33414.88
546.64	21360.54
546.84	14657.54
547.04	9556.05
547.23	6404.22
547.43	4198.56
547.63	3045.55
547.83	2427.07
548.02	2123.97
548.22	1431.75
548.42	1226.96
548.61	858.32
548.81	981.20
549.01	764.12
549.20	889.04
549.40	790.74
549.60	704.72
549.80	819.41
549.99	612.57
550.19	686.29
550.39	688.34
550.58	762.07
550.78	739.54
550.98	768.21
551.17	684.24
551.37	692.44
551.57	678.10
551.76	608.47
551.96	745.68
552.16	743.64
552.35	704.72
552.55	598.23
552.75	712.92
552.94	551.13
553.14	590.04
553.34	579.80
553.53	792.79
553.73	669.91
553.93	692.44
554.12	573.65
554.32	659.67
554.52	727.25
554.71	590.04
554.91	622.81
555.11	657.62
555.30	665.81
555.50	469.21
555.70	446.68
555.89	497.88
556.09	598.23
556.29	741.59
556.48	461.02
556.68	624.85
556.88	620.76
557.07	631.00
557.27	610.52
557.46	714.96
557.66	473.30
557.86	585.94
558.05	524.50
558.25	686.29
558.45	581.85
558.64	800.98
558.84	641.24
559.04	520.41
559.23	577.75
559.43	680.15
559.62	700.63
559.82	600.28
560.02	551.13
560.21	585.94
560.41	608.47
560.61	637.14
560.80	487.64
561.00	604.37
561.19	481.50
561.39	594.13
561.59	661.72
561.78	469.21
561.98	542.94
562.17	757.97
562.37	741.59
562.57	530.65
562.76	559.32
562.96	549.08
563.15	524.50
563.35	540.89
563.55	704.72
563.74	620.76
563.94	465.11
564.13	526.55
564.33	577.75
564.53	682.20
564.72	600.28
564.92	497.88
565.11	604.37
565.31	536.79
565.50	489.69
565.70	405.72
565.90	616.66
566.09	551.13
566.29	571.61
566.48	422.10
566.68	524.50
566.87	510.17
567.07	653.53
567.27	710.87
567.46	592.09
567.66	665.81
567.85	647.38
568.05	461.02
568.24	645.33
568.44	633.05
568.64	495.83
568.83	637.14
569.03	504.02
569.22	475.35
569.42	524.50
569.61	557.27
569.81	653.53
570.00	659.67
570.20	497.88
570.40	587.99
570.59	528.60
570.79	553.17
570.98	569.56
571.18	622.81
571.37	559.32
571.57	571.61
571.76	514.26
571.96	547.03
572.15	612.57
572.35	608.47
572.54	616.66
572.74	422.10
572.93	557.27
573.13	538.84
573.33	473.30
573.52	489.69
573.72	538.84
573.91	821.46
574.11	557.27
574.30	571.61
574.50	698.58
574.69	551.13
574.89	575.70
575.08	381.15
575.28	399.58
575.47	542.94
575.67	825.55
575.86	1677.51
576.06	2724.02
576.25	4098.21
576.45	4892.82
576.64	5169.30
576.84	4563.10
577.03	4159.65
577.23	3180.72
577.42	2339.00
577.62	1816.77
577.81	1978.56
578.01	2715.83
578.20	3661.99
578.40	5181.58
578.59	5621.90
578.79	5916.81
578.98	5290.13
579.18	4458.65
579.37	3307.69
579.57	2543.80
579.76	1732.80
579.95	1552.58
580.15	1192.14
580.34	827.60
580.54	893.14
580.73	831.70
580.93	610.52
581.12	606.42
581.32	696.53
581.51	657.62
581.71	653.53
581.90	778.45
582.10	383.19
582.29	534.74
582.49	792.79
582.68	489.69
582.87	559.32
583.07	528.60
583.26	297.18
583.46	491.74
583.65	413.91
583.85	440.54
584.04	520.41
584.24	547.03
584.43	473.30
584.62	454.87
584.82	501.98
585.01	657.62
585.21	602.33
585.40	518.36
585.60	631.00
585.79	481.50
585.99	649.43
586.18	735.44
586.37	567.51
586.57	534.74
586.76	487.64
586.96	563.41
587.15	577.75
587.34	448.73
587.54	540.89
587.73	448.73
587.93	518.36
588.12	575.70
588.32	579.80
588.51	686.29
588.70	477.40
588.90	485.59
589.09	549.08
589.29	569.56
589.48	532.70
589.67	405.72
589.87	501.98
590.06	469.21
590.26	542.94
590.45	563.41
590.64	407.77
590.84	501.98
591.03	446.68
591.23	614.61
591.42	508.12
591.61	559.32
591.81	424.15
592.00	534.74
592.20	518.36
592.39	524.50
592.58	442.58
592.78	393.43
592.97	411.87
593.16	411.87
593.36	671.96
593.55	575.70
593.75	583.89
593.94	471.26
594.13	399.58
594.33	483.54
594.52	522.46
594.71	450.78
594.91	485.59
595.10	610.52
595.29	370.91
595.49	407.77
595.68	561.37
595.88	448.73
596.07	395.48
596.26	452.82
596.46	567.51
596.65	383.19
596.84	706.77
597.04	475.35
597.23	573.65
597.42	389.34
597.62	334.04
597.81	329.95
598.00	465.11
598.20	436.44
598.39	360.67
598.58	532.70
598.78	407.77
598.97	526.55
599.16	499.93
599.36	520.41
599.55	639.19
599.74	440.54
599.94	458.97
600.13	530.65
600.32	401.63
600.52	448.73
600.71	581.85
600.90	362.71
601.10	571.61
601.29	407.77
601.48	563.41
601.68	506.07
601.87	497.88
602.06	565.46
602.25	344.28
602.45	504.02
602.64	346.33
602.83	385.24
603.03	342.23
603.22	456.92
603.41	471.26
603.61	520.41
603.80	614.61
603.99	415.96
604.18	430.30
604.38	465.11
604.57	420.06
604.76	522.46
604.96	370.91
605.15	381.15
605.34	489.69
605.53	401.63
605.73	276.70
605.92	456.92
606.11	557.27
606.31	387.29
606.50	346.33
606.69	780.50
606.88	438.49
607.08	438.49
607.27	469.21
607.46	389.34
607.65	555.22
607.85	432.34
608.04	352.47
608.23	432.34
608.42	399.58
608.62	438.49
608.81	405.72
609.00	614.61
609.19	479.45
609.39	420.06
609.58	458.97
609.77	385.24
609.96	295.13
610.16	403.67
610.35	487.64
610.54	487.64
610.73	504.02
610.93	467.16
611.12	288.99
611.31	571.61
611.50	544.98
611.70	391.39
611.89	325.85
612.08	354.52
612.27	553.17
612.47	364.76
612.66	340.19
612.85	409.82
613.04	409.82
613.23	557.27
613.43	504.02
613.62	424.15
613.81	407.77
614.00	397.53
614.20	553.17
614.39	344.28
614.58	397.53
614.77	432.34
614.96	456.92
615.16	342.23
615.35	526.55
615.54	284.89
615.73	456.92
615.92	420.06
616.12	420.06
616.31	188.64
616.50	260.32
616.69	317.66
616.88	467.16
617.08	370.91
617.27	391.39
617.46	284.89
617.65	403.67
617.84	434.39
618.04	323.80
618.23	366.81
618.42	395.48
618.61	352.47
618.80	397.53
618.99	415.96
619.19	350.43
619.38	434.39
619.57	428.25
619.76	366.81
619.95	219.36
620.14	268.51
620.34	532.70
620.53	268.51
620.72	325.85
620.91	274.65
621.10	411.87
621.29	407.77
621.49	348.38
621.68	262.36
621.87	241.88
622.06	231.64
622.25	336.09
622.44	331.99
622.63	270.56
622.83	272.60
623.02	499.93
623.21	346.33
623.40	284.89
623.59	426.20
623.78	344.28
623.97	137.44
624.17	368.86
624.36	301.27
624.55	446.68
624.74	215.26
624.93	276.70
625.12	401.63
625.31	299.23
625.51	329.95
625.70	520.41
625.89	248.03
626.08	497.88
626.27	387.29
626.46	415.96
626.65	172.25
626.84	383.19
627.03	196.83
627.23	225.50
627.42	418.01
627.61	329.95
627.80	311.51
627.99	473.30
628.18	155.87
628.37	385.24
628.56	293.08
628.75	424.15
628.94	309.47
629.14	631.00
629.33	432.34
629.52	313.56
629.71	321.75
629.90	266.46
630.09	145.63
630.28	241.88
630.47	411.87
630.66	389.34
630.85	426.20
631.04	186.59
631.24	313.56
631.43	276.70
631.62	262.36
631.81	266.46
632.00	256.22
632.19	254.17
632.38	231.64
632.57	309.47
632.76	256.22
632.95	307.42
633.14	280.80
633.33	321.75
633.52	274.65
633.71	276.70
633.90	231.64
634.10	250.08
634.29	364.76
634.48	280.80
634.67	334.04
634.86	399.58
635.05	205.02
635.24	383.19
635.43	364.76
635.62	379.10
635.81	200.92
636.00	184.54
636.19	321.75
636.38	301.27
636.57	368.86
636.76	331.99
636.95	360.67
637.14	329.95
637.33	268.51
637.52	205.02
637.71	495.83
637.90	260.32
638.09	274.65
638.28	227.55
638.47	274.65
638.66	450.78
638.85	352.47
639.04	116.96
639.23	356.57
639.42	243.93
639.61	352.47
639.80	338.14
639.99	440.54
640.19	293.08
640.38	303.32
640.57	321.75
640.76	432.34
640.95	336.09
641.14	321.75
641.33	157.92
641.52	305.37
641.70	364.76
641.89	245.98
642.08	157.92
642.27	223.45
642.46	493.78
642.65	334.04
642.84	69.85
643.03	202.97
643.22	334.04
643.41	356.57
643.60	182.49
643.79	305.37
643.98	282.84
644.17	364.76
644.36	323.80
644.55	375.00
644.74	344.28
644.93	293.08
645.12	174.30
645.31	344.28
645.50	213.21
645.69	268.51
645.88	209.12
646.07	213.21
646.26	196.83
646.45	305.37
646.64	207.07
646.83	280.80
647.02	338.14
647.21	202.97
647.40	334.04
647.59	205.02
647.77	248.03
647.96	145.63
648.15	393.43
648.34	172.25
648.53	248.03
648.72	352.47
648.91	186.59
649.10	151.77
649.29	182.49
649.48	125.15
649.67	250.08
649.86	385.24
650.05	422.10
650.24	418.01
650.43	319.71
650.61	180.44
650.80	153.82
650.99	338.14
651.18	209.12
651.37	293.08
651.56	112.86
651.75	248.03
651.94	215.26
652.13	288.99
652.32	174.30
652.51	362.71
652.69	76.00
652.88	264.41
653.07	231.64
653.26	164.06
653.45	254.17
653.64	405.72
653.83	213.21
654.02	293.08
654.21	325.85
654.40	362.71
654.58	164.06
654.77	239.84
654.96	207.07
655.15	254.17
655.34	364.76
655.53	323.80
655.72	321.75
655.91	147.68
656.09	131.29
656.28	194.78
656.47	239.84
656.66	202.97
656.85	221.40
657.04	223.45
657.23	170.20
657.42	63.71
657.60	309.47
657.79	104.67
657.98	276.70
658.17	194.78
658.36	295.13
658.55	145.63
658.73	387.29
658.92	170.20
659.11	82.14
659.30	205.02
659.49	258.27
659.68	194.78
659.87	293.08
660.05	225.50
660.24	84.19
660.43	301.27
660.62	309.47
660.81	180.44
661.00	241.88
661.18	186.59
661.37	180.44
661.56	219.36
661.75	239.84
661.94	280.80
662.13	227.55
662.31	90.33
662.50	186.59
662.69	305.37
662.88	213.21
663.07	231.64
663.25	166.11
663.44	104.67
663.63	80.09
663.82	252.12
664.01	119.01
664.20	147.68
664.38	493.78
664.57	172.25
664.76	375.00
664.95	149.73
665.14	155.87
665.32	63.71
665.51	219.36
665.70	260.32
665.89	63.71
666.07	194.78
666.26	65.76
666.45	182.49
666.64	80.09
666.83	196.83
667.01	80.09
667.20	147.68
667.39	32.99
667.58	223.45
667.77	94.43
667.95	272.60
668.14	26.85
668.33	245.98
668.52	487.64
668.70	174.30
668.89	96.48
669.08	250.08
669.27	288.99
669.45	127.20
669.64	628.95
669.83	114.91
670.02	92.38
670.20	229.60
670.39	389.34
670.58	145.63
670.77	108.77
670.95	110.81
671.14	84.19
671.33	350.43
671.52	108.77
671.70	141.53
671.89	276.70
672.08	450.78
672.27	299.23
672.45	116.96
672.64	205.02
672.83	170.20
673.02	157.92
673.20	205.02
673.39	293.08
673.58	198.88
673.76	133.34
673.95	223.45
674.14	256.22
674.33	182.49
674.51	92.38
674.70	319.71
674.89	366.81
675.07	268.51
675.26	96.48
675.45	354.52
675.64	239.84
675.82	198.88
676.01	92.38
676.20	151.77
676.38	127.20
676.57	82.14
676.76	239.84
676.95	0.22
677.13	73.95
677.32	143.58
677.51	360.67
677.69	207.07
677.88	227.55
678.07	315.61
678.25	223.45
678.44	217.31
678.63	248.03
678.81	63.71
679.00	94.43
679.19	43.23
679.37	209.12
679.56	67.81
679.75	155.87
679.93	245.98
680.12	200.92
680.31	272.60
680.49	241.88
680.68	227.55
680.87	243.93
681.05	-16.16
681.24	39.13
681.43	229.60
681.61	284.89
681.80	358.62
681.99	174.30
682.17	100.57
682.36	45.28
682.55	329.95
682.73	-22.30
682.92	375.00
683.11	231.64
683.29	385.24
683.48	188.64
683.66	24.80
683.85	22.75
684.04	110.81
684.22	102.62
684.41	73.95
684.60	295.13
684.78	119.01
684.97	157.92
685.16	323.80
685.34	297.18
685.53	143.58
685.71	155.87
685.90	178.40
686.09	159.96
686.27	239.84
686.46	151.77
686.64	178.40
686.83	250.08
687.02	147.68
687.20	194.78
687.39	348.38
687.58	174.30
687.76	198.88
687.95	108.77
688.13	219.36
688.32	94.43
688.50	207.07
688.69	489.69
688.88	354.52
689.06	39.13
689.25	248.03
689.43	32.99
689.62	340.19
689.81	180.44
689.99	84.19
690.18	270.56
690.36	248.03
690.55	256.22
690.73	73.95
690.92	76.00
691.11	233.69
691.29	221.40
691.48	8.42
691.66	121.05
691.85	215.26
692.03	-5.92
692.22	387.29
692.41	145.63
692.59	153.82
692.78	178.40
692.96	284.89
693.15	168.16
693.33	22.75
693.52	168.16
693.70	245.98
693.89	153.82
694.08	98.53
694.26	131.29
694.45	135.39
694.63	-69.41
694.82	121.05
695.00	184.54
695.19	149.73
695.37	178.40
695.56	94.43
695.74	334.04
695.93	139.49
696.11	157.92
696.30	370.91
696.48	35.04
696.67	65.76
696.86	69.85
697.04	362.71
697.23	-44.83
697.41	63.71
697.60	112.86
697.78	276.70
697.97	194.78
698.15	153.82
698.34	286.94
698.52	149.73
698.71	245.98
698.89	182.49
699.08	155.87
699.26	241.88
699.45	90.33
699.63	63.71
699.82	168.16
700.00	104.67
700.19	282.84
700.37	104.67
700.56	221.40
700.74	186.59
700.93	88.29
701.11	223.45
701.30	39.13
701.48	207.07
701.66	164.06
701.85	159.96
702.03	63.71
702.22	194.78
702.40	164.06
702.59	10.46
702.77	223.45
702.96	80.09
703.14	219.36
703.33	78.05
703.51	231.64
703.70	61.66
703.88	18.66
704.07	18.66
704.25	243.93
704.43	143.58
704.62	174.30
704.80	172.25
704.99	231.64
705.17	108.77
705.36	207.07
705.54	170.20
705.73	86.24
705.91	198.88
706.09	319.71
706.28	39.13
706.46	205.02
706.65	221.40
706.83	92.38
707.02	260.32
707.20	137.44
707.38	182.49
707.57	35.04
707.75	153.82
707.94	53.47
708.12	211.16
708.31	227.55
708.49	211.16
708.67	110.81
708.86	202.97
709.04	80.09
709.23	20.70
709.41	47.33
709.59	266.46
709.78	127.20
709.96	49.37
710.15	94.43
710.33	108.77
710.51	342.23
710.70	55.52
710.88	2.27
711.07	219.36
711.25	284.89
711.43	313.56
711.62	178.40
711.80	172.25
711.98	108.77
712.17	192.73
712.35	106.72
712.54	178.40
712.72	76.00
712.90	162.01
713.09	104.67
713.27	254.17
713.45	73.95
713.64	-55.07
713.82	170.20
714.01	469.21
714.19	90.33
714.37	168.16
714.56	102.62
714.74	151.77
714.92	76.00
715.11	10.46
715.29	84.19
715.47	104.67
715.66	260.32
715.84	348.38
716.02	123.10
716.21	174.30
716.39	239.84
716.57	202.97
716.76	135.39
716.94	80.09
717.13	63.71
717.31	96.48
717.49	108.77
717.67	180.44
717.86	135.39
718.04	116.96
718.22	159.96
718.41	155.87
718.59	194.78
718.77	65.76
718.96	164.06
719.14	329.95
719.32	129.25
719.51	239.84
719.69	377.05
719.87	104.67
720.06	73.95
720.24	-3.87
720.42	88.29
720.61	-53.02
720.79	14.56
720.97	196.83
721.15	157.92
721.34	116.96
721.52	76.00
721.70	119.01
721.89	88.29
722.07	116.96
722.25	235.74
722.43	225.50
722.62	141.53
722.80	231.64
722.98	37.09
723.17	274.65
723.35	80.09
723.53	63.71
723.71	129.25
723.90	67.81
724.08	166.11
724.26	317.66
724.44	110.81
724.63	162.01
724.81	41.18
724.99	162.01
725.18	143.58
725.36	102.62
725.54	129.25
725.72	180.44
725.91	-18.21
726.09	90.33
726.27	110.81
726.45	137.44
726.64	207.07
726.82	176.35
727.00	63.71
727.18	90.33
727.37	223.45
727.55	157.92
727.73	63.71
727.91	96.48
728.09	32.99
728.28	291.03
728.46	30.94
728.64	2.27
728.82	200.92
729.01	108.77
729.19	47.33
729.37	164.06
729.55	41.18
729.73	151.77
729.92	76.00
730.10	102.62
730.28	348.38
730.46	73.95
730.65	129.25
730.83	30.94
731.01	213.21
731.19	-3.87
731.37	104.67
731.56	190.68
731.74	219.36
731.92	30.94
732.10	112.86
732.28	94.43
732.47	135.39
732.65	69.85
732.83	49.37
733.01	129.25
733.19	149.73
733.37	16.61
733.56	168.16
733.74	129.25
733.92	41.18
734.10	106.72
734.28	80.09
734.46	47.33
734.65	84.19
734.83	135.39
735.01	127.20
735.19	41.18
735.37	22.75
735.55	303.32
735.74	162.01
735.92	45.28
736.10	168.16
736.28	381.15
736.46	114.91
736.64	76.00
736.83	149.73
737.01	131.29
737.19	51.42
737.37	-5.92
737.55	202.97
737.73	96.48
737.91	239.84
738.10	157.92
738.28	43.23
738.46	47.33
738.64	22.75
738.82	106.72
739.00	8.42
739.18	-22.30
739.36	135.39
739.55	196.83
739.73	194.78
739.91	73.95
740.09	172.25
740.27	90.33
740.45	159.96
740.63	98.53
740.81	100.57
741.00	63.71
741.18	153.82
741.36	121.05
741.54	153.82
741.72	243.93
741.90	45.28
742.08	123.10
742.26	71.90
742.44	96.48
742.62	211.16
742.80	133.34
742.99	39.13
743.17	30.94
743.35	143.58
743.53	239.84
743.71	2.27
743.89	43.23
744.07	254.17
744.25	200.92
744.43	135.39
744.61	133.34
744.79	137.44
744.97	301.27
745.16	202.97
745.34	147.68
745.52	-26.40
745.70	90.33
745.88	434.39
746.06	370.91
746.24	43.23
746.42	69.85
746.60	-7.97
746.78	106.72
746.96	141.53
747.14	223.45
747.32	123.10
747.50	184.54
747.68	157.92
747.86	155.87
748.04	45.28
748.22	252.12
748.40	69.85
748.58	241.88
748.77	196.83
748.95	8.42
749.13	276.70
749.31	205.02
749.49	237.79
749.67	149.73
749.85	153.82
750.03	315.61
750.21	-102.18
750.39	229.60
750.57	73.95
750.75	153.82
750.93	22.75
751.11	121.05
751.29	57.57
751.47	223.45
751.65	147.68
751.83	69.85
752.01	53.47
752.19	133.34
752.37	180.44
752.55	141.53
752.73	301.27
752.91	364.76
753.09	84.19
753.27	143.58
753.45	-5.92
753.63	32.99
753.81	61.66
753.99	18.66
754.17	170.20
754.35	268.51
754.53	80.09
754.71	159.96
754.89	172.25
755.07	245.98
755.25	119.01
755.42	182.49
755.60	96.48
755.78	219.36
755.96	172.25
756.14	272.60
756.32	112.86
756.50	155.87
756.68	192.73
756.86	186.59
757.04	86.24
757.22	67.81
757.40	100.57
757.58	215.26
757.76	145.63
757.94	43.23
758.12	299.23
758.30	112.86
758.48	112.86
758.66	276.70
758.84	188.64
759.01	272.60
759.19	-98.08
759.37	215.26
759.55	164.06
759.73	205.02
759.91	207.07
760.09	231.64
760.27	155.87
760.45	71.90
760.63	147.68
760.81	340.19
760.99	131.29
761.17	119.01
761.34	86.24
761.52	90.33
761.70	166.11
761.88	-20.26
762.06	92.38
762.24	178.40
762.42	110.81
762.60	194.78
762.78	123.10
762.96	176.35
763.13	49.37
763.31	116.96
763.49	57.57
763.67	88.29
763.85	92.38
764.03	233.69
764.21	213.21
764.39	299.23
764.56	131.29
764.74	121.05
764.92	129.25
765.10	22.75
765.28	45.28
765.46	293.08
765.64	317.66
765.82	47.33
765.99	-16.16
766.17	200.92
766.35	8.42
766.53	51.42
766.71	104.67
766.89	207.07
767.07	278.75
767.24	-20.26
767.42	233.69
767.60	143.58
767.78	55.52
767.96	-69.41
768.14	309.47
768.31	186.59
768.49	78.05
768.67	123.10
768.85	112.86
769.03	270.56
769.21	245.98
769.38	276.70
769.56	186.59
769.74	162.01
769.92	207.07
770.10	6.37
770.28	227.55
770.45	-1.82
770.63	131.29
770.81	55.52
770.99	243.93
771.17	135.39
771.34	205.02
771.52	340.19
771.70	45.28
771.88	82.14
772.06	266.46
772.23	82.14
772.41	221.40
772.59	94.43
772.77	76.00
772.95	30.94
773.12	43.23
773.30	331.99
773.48	123.10
773.66	45.28
773.84	190.68
774.01	174.30
774.19	4.32
774.37	127.20
774.55	260.32
774.72	80.09
774.90	112.86
775.08	102.62
775.26	80.09
775.44	-153.37
775.61	80.09
775.79	170.20
775.97	69.85
776.15	102.62
776.32	35.04
776.50	172.25
776.68	55.52
776.86	-30.50
777.03	168.16
777.21	78.05
777.39	63.71
777.57	231.64
777.74	162.01
777.92	41.18
778.10	258.27
778.28	172.25
778.45	342.23
778.63	129.25
778.81	129.25
778.98	186.59
779.16	178.40
779.34	317.66
779.52	-22.30
779.69	73.95
779.87	280.80
780.05	157.92
780.22	57.57
780.40	159.96
780.58	6.37
780.76	37.09
780.93	26.85
781.11	194.78
781.29	153.82
781.46	133.34
781.64	186.59
781.82	4.32
782.00	78.05
782.17	43.23
782.35	125.15
782.53	94.43
782.70	114.91
782.88	139.49
783.06	133.34
783.23	170.20
783.41	78.05
783.59	254.17
783.76	2.27
783.94	252.12
784.12	37.09
784.29	76.00
784.47	12.51
784.65	100.57
784.82	243.93
785.00	94.43
785.18	98.53
785.35	205.02
785.53	119.01
785.71	157.92
785.88	250.08
786.06	235.74
786.24	172.25
786.41	297.18
786.59	190.68
786.77	106.72
786.94	88.29
787.12	2.27
787.30	254.17
787.47	96.48
787.65	-22.30
787.83	6.37
788.00	159.96
788.18	35.04
788.35	116.96
788.53	-16.16
788.71	297.18
788.88	186.59
789.06	213.21
789.24	-18.21
789.41	106.72
789.59	47.33
789.76	86.24
789.94	63.71
790.12	88.29
790.29	94.43
790.47	301.27
790.65	182.49
790.82	-12.06
791.00	176.35
791.17	53.47
791.35	202.97
791.53	176.35
791.70	225.50
791.88	155.87
792.05	10.46
792.23	-44.83
792.41	270.56
792.58	37.09
792.76	90.33
792.93	30.94
793.11	198.88
793.28	174.30
793.46	180.44
793.64	297.18
793.81	43.23
793.99	178.40
794.16	143.58
794.34	30.94
794.51	182.49
794.69	47.33
794.87	0.22
795.04	153.82
795.22	96.48
795.39	37.09
795.57	391.39
795.74	104.67
795.92	88.29
796.09	200.92
796.27	166.11
796.45	135.39
796.62	215.26
796.80	139.49
796.97	200.92
797.15	178.40
797.32	252.12
797.50	0.22
797.67	266.46
797.85	86.24
798.02	49.37
798.20	225.50
798.37	121.05
798.55	28.89
798.72	180.44
798.90	215.26
799.08	178.40
799.25	104.67
799.43	190.68
799.60	276.70
799.78	67.81
799.95	207.07
800.13	106.72
800.30	24.80
800.48	82.14
800.65	69.85
800.83	104.67
801.00	162.01
801.18	157.92
801.35	147.68
801.53	106.72
801.70	186.59
801.88	307.42
802.05	106.72
802.23	368.86
802.40	37.09
802.58	168.16
802.75	-16.16
802.92	65.76
803.10	22.75
803.27	176.35
803.45	76.00
803.62	147.68
803.80	192.73
803.97	190.68
804.15	63.71
804.32	147.68
804.50	233.69
804.67	221.40
804.85	133.34
805.02	119.01
805.20	184.54
805.37	190.68
805.54	84.19
805.72	-98.08
805.89	37.09
806.07	51.42
806.24	172.25
806.42	172.25
806.59	45.28
806.77	110.81
806.94	221.40
807.11	78.05
807.29	174.30
807.46	110.81
807.64	151.77
807.81	125.15
807.99	174.30
808.16	194.78
808.33	135.39
808.51	198.88
808.68	125.15
808.86	172.25
809.03	164.06
809.20	184.54
809.38	303.32
809.55	55.52
809.73	194.78
809.90	233.69
810.07	135.39
810.25	116.96
810.42	272.60
810.60	168.16
810.77	-20.26
810.94	90.33
811.12	98.53
811.29	141.53
811.47	-30.50
811.64	186.59
811.81	172.25
811.99	82.14
812.16	243.93
812.33	133.34
812.51	323.80
812.68	51.42
812.86	196.83
813.03	129.25
813.20	125.15
813.38	264.41
813.55	190.68
813.72	39.13
813.90	-5.92
814.07	270.56
814.24	106.72
814.42	131.29
814.59	225.50
814.77	164.06
814.94	59.61
815.11	270.56
815.29	145.63
815.46	104.67
815.63	409.82
815.81	102.62
815.98	284.89
816.15	225.50
816.33	215.26
816.50	321.75
816.67	88.29
816.85	282.84
817.02	-77.60
817.19	8.42
817.37	293.08
817.54	266.46
817.71	94.43
817.89	116.96
818.06	47.33
818.23	108.77
818.40	90.33
818.58	12.51
818.75	155.87
818.92	182.49
819.10	8.42
819.27	172.25
819.44	155.87
819.62	88.29
819.79	237.79
819.96	69.85
820.13	252.12
820.31	112.86
820.48	92.38
820.65	110.81
820.83	104.67
821.00	92.38
821.17	280.80
821.34	217.31
821.52	47.33
821.69	57.57
821.86	71.90
822.03	47.33
822.21	221.40
822.38	299.23
822.55	209.12
822.73	192.73
822.90	129.25
823.07	100.57
823.24	37.09
823.42	362.71
823.59	192.73
823.76	67.81
823.93	250.08
824.11	192.73
824.28	250.08
824.45	198.88
824.62	274.65
824.80	63.71
824.97	71.90
825.14	84.19
825.31	69.85
825.48	-10.02
825.66	131.29
825.83	125.15
826.00	288.99
826.17	22.75
826.35	129.25
826.52	276.70
826.69	45.28
826.86	41.18
827.03	78.05
827.21	241.88
827.38	10.46
827.55	162.01
827.72	155.87
827.90	325.85
828.07	78.05
828.24	114.91
828.41	69.85
828.58	43.23
828.75	243.93
828.93	51.42
829.10	116.96
829.27	80.09
829.44	233.69
829.61	243.93
829.79	26.85
829.96	-73.50
830.13	288.99
830.30	53.47
830.47	114.91
830.65	110.81
830.82	260.32
830.99	143.58
831.16	297.18
831.33	303.32
831.50	141.53
831.68	102.62
831.85	299.23
832.02	299.23
832.19	237.79
832.36	28.89
832.53	157.92
832.70	112.86
832.88	121.05
833.05	61.66
833.22	108.77
833.39	227.55
833.56	219.36
833.73	170.20
833.90	174.30
834.08	315.61
834.25	100.57
834.42	26.85
834.59	336.09
834.76	61.66
834.93	299.23
835.10	125.15
835.27	200.92
835.45	213.21
835.62	37.09
835.79	119.01
835.96	123.10
836.13	112.86
836.30	194.78
836.47	104.67
836.64	319.71
836.81	231.64
836.99	96.48
837.16	143.58
837.33	274.65
837.50	157.92
837.67	-5.92
837.84	137.44
838.01	286.94
838.18	241.88
838.35	119.01
838.52	43.23
838.69	184.54
838.87	108.77
839.04	63.71
839.21	243.93
839.38	182.49
839.55	80.09
839.72	67.81
839.89	80.09
840.06	153.82
840.23	30.94
840.40	336.09
840.57	233.69
840.74	96.48
840.91	88.29
841.08	481.50
841.25	82.14
841.42	213.21
841.60	231.64
841.77	176.35
841.94	176.35
842.11	112.86
842.28	186.59
842.45	284.89
842.62	141.53
842.79	313.56
842.96	243.93
843.13	231.64
843.30	235.74
843.47	305.37
843.64	92.38
843.81	12.51
843.98	143.58
844.15	262.36
844.32	92.38
844.49	213.21
844.66	149.73
844.83	110.81
845.00	159.96
845.17	151.77
845.34	-63.26
845.51	106.72
845.68	-12.06
845.85	10.46
846.02	104.67
846.19	157.92
846.36	43.23
846.53	940.24
846.70	18.66
846.87	2.27
847.04	356.57
847.21	192.73
847.38	186.59
847.55	104.67
847.72	41.18
847.89	92.38
848.06	94.43
848.23	307.42
848.40	297.18
848.57	14.56
848.74	59.61
848.91	78.05
849.08	162.01
849.25	295.13
849.42	291.03
849.59	176.35
849.76	424.15
849.93	323.80
850.09	231.64
850.26	88.29
850.43	47.33
850.60	121.05
850.77	94.43
850.94	88.29
851.11	-100.13
851.28	225.50
851.45	45.28
851.62	202.97
851.79	250.08
851.96	110.81
852.13	59.61
852.30	18.66
852.47	184.54
852.63	381.15
852.80	194.78
852.97	73.95
853.14	202.97
853.31	47.33
853.48	135.39
853.65	57.57
853.82	286.94
853.99	98.53
854.16	162.01
854.33	155.87
854.49	67.81
854.66	198.88
854.83	157.92
855.00	215.26
855.17	225.50
855.34	147.68
855.51	360.67
855.68	219.36
855.85	198.88
856.01	106.72
856.18	-98.08
856.35	174.30
856.52	88.29
856.69	104.67
856.86	229.60
857.03	41.18
857.20	217.31
857.36	108.77
857.53	123.10
857.70	65.76
857.87	139.49
858.04	88.29
858.21	190.68
858.38	260.32
858.54	168.16
858.71	215.26
858.88	63.71
859.05	219.36
859.22	65.76
859.39	202.97
859.56	82.14
859.72	248.03
859.89	176.35
860.06	237.79
860.23	53.47
860.40	268.51
860.57	43.23
860.73	131.29
860.90	71.90
861.07	209.12
861.24	149.73
861.41	59.61
861.57	110.81
861.74	397.53
861.91	192.73
862.08	100.57
862.25	196.83
862.41	215.26
862.58	24.80
862.75	190.68
862.92	8.42
863.09	45.28
863.25	69.85
863.42	114.91
863.59	47.33
863.76	219.36
863.93	159.96
864.09	254.17
864.26	39.13
864.43	131.29
864.60	102.62
864.77	262.36
864.93	39.13
865.10	209.12
865.27	104.67
865.44	45.28
865.60	159.96
865.77	157.92
865.94	375.00
866.11	303.32
866.27	2.27
866.44	301.27
866.61	116.96
866.78	116.96
866.94	73.95
867.11	168.16
867.28	282.84
867.45	233.69
867.61	299.23
867.78	159.96
867.95	61.66
868.12	399.58
868.28	180.44
868.45	211.16
868.62	241.88
868.79	67.81
868.95	170.20
869.12	157.92
869.29	166.11
869.45	211.16
869.62	39.13
869.79	196.83
869.96	162.01
870.12	198.88
870.29	383.19
870.46	270.56
870.62	168.16
870.79	235.74
870.96	311.51
871.13	135.39
871.29	2.27
871.46	209.12
871.63	143.58
871.79	145.63
871.96	90.33
872.13	96.48
872.29	235.74
872.46	90.33
872.63	233.69
872.79	88.29
872.96	131.29
873.13	108.77
873.30	227.55
873.46	276.70
873.63	30.94
873.80	102.62
873.96	51.42
874.13	362.71
874.30	250.08
874.46	166.11
874.63	73.95
874.79	245.98
874.96	350.43
875.13	-20.26
875.29	286.94
875.46	139.49
875.63	221.40
875.79	133.34
875.96	61.66
876.13	127.20
876.29	16.61
876.46	139.49
876.63	131.29
876.79	186.59
876.96	121.05
877.12	178.40
877.29	47.33
877.46	235.74
877.62	202.97
877.79	176.35
877.96	88.29
878.12	67.81
878.29	409.82
878.45	59.61
878.62	231.64
878.79	82.14
878.95	55.52
879.12	205.02
879.28	121.05
879.45	69.85
879.62	114.91
879.78	28.89
879.95	139.49
880.11	55.52
880.28	174.30
880.45	108.77
880.61	147.68
880.78	145.63
880.94	90.33
881.11	205.02
881.28	176.35
881.44	149.73
881.61	112.86
881.77	207.07
881.94	241.88
882.10	211.16
882.27	278.75
882.43	129.25
882.60	-24.35
882.77	114.91
882.93	121.05
883.10	112.86
883.26	213.21
883.43	92.38
883.59	53.47
883.76	51.42
883.92	209.12
884.09	295.13
884.26	192.73
884.42	184.54
884.59	98.53
884.75	98.53
884.92	116.96
885.08	139.49
885.25	55.52
885.41	129.25
885.58	223.45
885.74	162.01
885.91	-3.87
886.07	194.78
