176.36	-209.49
176.57	-209.49
176.79	-209.49
177.00	-197.20
177.22	-236.11
177.44	30.12
177.65	204.20
177.87	112.04
178.08	101.80
178.30	17.84
178.52	109.99
178.73	62.89
178.95	130.47
179.16	230.82
179.38	64.94
179.60	52.65
179.81	66.99
180.03	114.09
180.24	118.19
180.46	126.38
180.68	138.67
180.89	77.23
181.11	116.14
181.32	-12.88
181.54	30.12
181.76	236.97
181.97	44.46
182.19	167.34
182.40	26.03
182.62	126.38
182.83	308.65
183.05	50.60
183.27	91.56
183.48	148.91
183.70	-14.93
183.91	60.84
184.13	77.23
184.35	316.84
184.56	167.34
184.78	132.52
184.99	146.86
185.21	128.43
185.42	189.87
185.64	138.67
185.86	109.99
186.07	-6.74
186.29	136.62
186.50	64.94
186.72	124.33
186.93	-4.69
187.15	112.04
187.37	21.93
187.58	140.71
187.80	87.47
188.01	290.22
188.23	161.19
188.44	87.47
188.66	105.90
188.87	130.47
189.09	128.43
189.31	71.08
189.52	38.32
189.74	212.39
189.95	93.61
190.17	58.80
190.38	13.74
190.60	107.95
190.82	-43.60
191.03	62.89
191.25	218.54
191.46	-51.79
191.68	118.19
191.89	153.00
192.11	224.68
192.32	118.19
192.54	112.04
192.76	159.15
192.97	79.28
193.19	161.19
193.40	58.80
193.62	32.17
193.83	109.99
194.05	181.67
194.26	144.81
194.48	64.94
194.69	171.43
194.91	114.09
195.13	161.19
195.34	120.23
195.56	48.56
195.77	120.23
195.99	26.03
196.20	11.69
196.42	226.73
196.63	112.04
196.85	163.24
197.06	-4.69
197.28	46.51
197.49	69.04
197.71	218.54
197.92	138.67
198.14	138.67
198.36	204.20
198.57	52.65
198.79	296.36
199.00	144.81
199.22	153.00
199.43	-21.08
199.65	144.81
199.86	175.53
200.08	95.66
200.29	62.89
200.51	99.75
200.72	64.94
200.94	38.32
201.15	265.64
201.37	130.47
201.58	136.62
201.80	114.09
202.01	142.76
202.23	15.79
202.44	87.47
202.66	28.08
202.87	155.05
203.09	214.44
203.31	136.62
203.52	99.75
203.74	103.85
203.95	109.99
204.17	191.91
204.38	193.96
204.60	109.99
204.81	210.35
205.03	163.24
205.24	153.00
205.46	-8.79
205.67	114.09
205.89	187.82
206.10	118.19
206.32	36.27
206.53	169.39
206.75	93.61
206.96	13.74
207.18	124.33
207.39	56.75
207.61	87.47
207.82	34.22
208.04	95.66
208.25	169.39
208.47	216.49
208.68	69.04
208.90	87.47
209.11	38.32
209.33	97.71
209.54	210.35
209.75	171.43
209.97	85.42
210.18	161.19
210.40	15.79
210.61	112.04
210.83	202.15
211.04	218.54
211.26	101.80
211.47	73.13
211.69	200.11
211.90	64.94
212.12	112.04
212.33	144.81
212.55	105.90
212.76	64.94
212.98	44.46
213.19	56.75
213.41	155.05
213.62	116.14
213.84	159.15
214.05	208.30
214.27	81.32
214.48	167.34
214.69	138.67
214.91	210.35
215.12	171.43
215.34	97.71
215.55	50.60
215.77	118.19
215.98	79.28
216.20	66.99
216.41	105.90
216.63	146.86
216.84	85.42
217.06	114.09
217.27	103.85
217.49	36.27
217.70	155.05
217.91	109.99
218.13	196.01
218.34	153.00
218.56	97.71
218.77	118.19
218.99	66.99
219.20	11.69
219.42	28.08
219.63	157.10
219.85	175.53
220.06	109.99
220.27	136.62
220.49	210.35
220.70	134.57
220.92	-27.22
221.13	103.85
221.35	122.28
221.56	15.79
221.78	-16.98
221.99	394.66
222.20	150.95
222.42	36.27
222.63	191.91
222.85	52.65
223.06	153.00
223.28	236.97
223.49	206.25
223.70	325.03
223.92	99.75
224.13	177.58
224.35	161.19
224.56	69.04
224.78	130.47
224.99	130.47
225.21	48.56
225.42	191.91
225.63	62.89
225.85	228.78
226.06	167.34
226.28	87.47
226.49	89.51
226.71	77.23
226.92	175.53
227.13	224.68
227.35	163.24
227.56	58.80
227.78	298.41
227.99	26.03
228.20	36.27
228.42	175.53
228.63	87.47
228.85	259.50
229.06	161.19
229.28	130.47
229.49	93.61
229.70	193.96
229.92	93.61
230.13	30.12
230.35	114.09
230.56	118.19
230.77	150.95
230.99	40.36
231.20	150.95
231.42	109.99
231.63	124.33
231.84	153.00
232.06	-4.69
232.27	191.91
232.49	196.01
232.70	261.54
232.91	75.18
233.13	198.06
233.34	189.87
233.56	171.43
233.77	42.41
233.98	322.98
234.20	245.16
234.41	11.69
234.63	128.43
234.84	249.26
235.05	132.52
235.27	112.04
235.48	62.89
235.70	134.57
235.91	40.36
236.12	167.34
236.34	56.75
236.55	239.02
236.77	202.15
236.98	-19.03
237.19	62.89
237.41	179.63
237.62	134.57
237.83	52.65
238.05	148.91
238.26	19.88
238.48	99.75
238.69	171.43
238.90	81.32
239.12	132.52
239.33	132.52
239.54	95.66
239.76	50.60
239.97	179.63
240.19	81.32
240.40	93.61
240.61	79.28
240.83	161.19
241.04	66.99
241.25	159.15
241.47	136.62
241.68	153.00
241.89	181.67
242.11	122.28
242.32	97.71
242.54	253.35
242.75	140.71
242.96	-6.74
243.18	200.11
243.39	185.77
243.60	120.23
243.82	46.51
244.03	60.84
244.24	101.80
244.46	58.80
244.67	7.60
244.89	261.54
245.10	15.79
245.31	60.84
245.53	83.37
245.74	109.99
245.95	34.22
246.17	126.38
246.38	126.38
246.59	79.28
246.81	-64.08
247.02	81.32
247.23	136.62
247.45	142.76
247.66	122.28
247.87	85.42
248.09	83.37
248.30	179.63
248.51	339.37
248.73	128.43
248.94	138.67
249.15	85.42
249.37	116.14
249.58	120.23
249.79	153.00
250.01	73.13
250.22	159.15
250.43	71.08
250.65	105.90
250.86	101.80
251.07	89.51
251.29	107.95
251.50	193.96
251.71	36.27
251.93	183.72
252.14	159.15
252.35	93.61
252.57	34.22
252.78	206.25
252.99	71.08
253.21	159.15
253.42	150.95
253.63	142.76
253.85	144.81
254.06	105.90
254.27	198.06
254.48	130.47
254.70	87.47
254.91	150.95
255.12	171.43
255.34	81.32
255.55	101.80
255.76	-31.32
255.98	279.98
256.19	144.81
256.40	206.25
256.62	40.36
256.83	99.75
257.04	87.47
257.25	251.30
257.47	36.27
257.68	116.14
257.89	95.66
258.11	118.19
258.32	220.58
258.53	165.29
258.75	93.61
258.96	81.32
259.17	109.99
259.38	42.41
259.60	99.75
259.81	105.90
260.02	-33.36
260.24	165.29
260.45	26.03
260.66	77.23
260.88	144.81
261.09	161.19
261.30	183.72
261.51	97.71
261.73	216.49
261.94	163.24
262.15	95.66
262.36	54.70
262.58	124.33
262.79	75.18
263.00	165.29
263.22	271.78
263.43	42.41
263.64	54.70
263.85	109.99
264.07	-21.08
264.28	236.97
264.49	288.17
264.71	124.33
264.92	267.69
265.13	161.19
265.34	298.41
265.56	30.12
265.77	142.76
265.98	91.56
266.19	77.23
266.41	107.95
266.62	105.90
266.83	-88.66
267.04	79.28
267.26	64.94
267.47	202.15
267.68	187.82
267.90	46.51
268.11	179.63
268.32	253.35
268.53	58.80
268.75	300.46
268.96	66.99
269.17	62.89
269.38	44.46
269.60	69.04
269.81	153.00
270.02	222.63
270.23	183.72
270.45	138.67
270.66	52.65
270.87	144.81
271.08	75.18
271.30	148.91
271.51	69.04
271.72	185.77
271.93	83.37
272.14	126.38
272.36	52.65
272.57	105.90
272.78	99.75
272.99	81.32
273.21	132.52
273.42	165.29
273.63	107.95
273.84	150.95
274.06	54.70
274.27	171.43
274.48	97.71
274.69	230.82
274.91	165.29
275.12	103.85
275.33	81.32
275.54	277.93
275.75	155.05
275.97	105.90
276.18	167.34
276.39	17.84
276.60	138.67
276.82	142.76
277.03	73.13
277.24	23.98
277.45	28.08
277.66	109.99
277.88	77.23
278.09	54.70
278.30	116.14
278.51	222.63
278.72	241.06
278.94	163.24
279.15	107.95
279.36	118.19
279.57	163.24
279.79	101.80
280.00	71.08
280.21	73.13
280.42	210.35
280.63	193.96
280.85	165.29
281.06	89.51
281.27	91.56
281.48	54.70
281.69	114.09
281.91	11.69
282.12	165.29
282.33	191.91
282.54	118.19
282.75	103.85
282.97	62.89
283.18	77.23
283.39	93.61
283.60	212.39
283.81	103.85
284.03	73.13
284.24	136.62
284.45	171.43
284.66	3.50
284.87	107.95
285.08	122.28
285.30	95.66
285.51	60.84
285.72	142.76
285.93	107.95
286.14	105.90
286.36	21.93
286.57	153.00
286.78	161.19
286.99	120.23
287.20	114.09
287.41	30.12
287.63	144.81
287.84	-23.12
288.05	118.19
288.26	36.27
288.47	241.06
288.68	56.75
288.90	-25.17
289.11	60.84
289.32	206.25
289.53	54.70
289.74	-4.69
289.95	97.71
290.17	103.85
290.38	150.95
290.59	171.43
290.80	17.84
291.01	175.53
291.22	21.93
291.44	187.82
291.65	71.08
291.86	169.39
292.07	-21.08
292.28	42.41
292.49	105.90
292.70	79.28
292.92	114.09
293.13	191.91
293.34	118.19
293.55	116.14
293.76	58.80
293.97	69.04
294.19	58.80
294.40	130.47
294.61	163.24
294.82	62.89
295.03	247.21
295.24	28.08
295.45	259.50
295.67	11.69
295.88	7.60
296.09	253.35
296.30	95.66
296.51	136.62
296.72	58.80
296.93	107.95
297.14	161.19
297.36	46.51
297.57	167.34
297.78	163.24
297.99	3.50
298.20	161.19
298.41	155.05
298.62	142.76
298.83	153.00
299.05	112.04
299.26	60.84
299.47	87.47
299.68	83.37
299.89	136.62
300.10	83.37
300.31	83.37
300.52	-78.42
300.74	187.82
300.95	19.88
301.16	116.14
301.37	58.80
301.58	28.08
301.79	306.60
302.00	81.32
302.21	163.24
302.42	220.58
302.64	148.91
302.85	159.15
303.06	124.33
303.27	134.57
303.48	56.75
303.69	66.99
303.90	128.43
304.11	15.79
304.32	128.43
304.53	120.23
304.75	48.56
304.96	66.99
305.17	116.14
305.38	3.50
305.59	130.47
305.80	75.18
306.01	7.60
306.22	40.36
306.43	62.89
306.64	5.55
306.85	69.04
307.07	136.62
307.28	93.61
307.49	73.13
307.70	161.19
307.91	11.69
308.12	181.67
308.33	167.34
308.54	163.24
308.75	153.00
308.96	75.18
309.17	187.82
309.38	109.99
309.60	177.58
309.81	161.19
310.02	185.77
310.23	261.54
310.44	93.61
310.65	112.04
310.86	144.81
311.07	26.03
311.28	40.36
311.49	120.23
311.70	3.50
311.91	3.50
312.12	255.40
312.33	161.19
312.54	103.85
312.76	77.23
312.97	230.82
313.18	-21.08
313.39	-45.65
313.60	169.39
313.81	95.66
314.02	148.91
314.23	124.33
314.44	60.84
314.65	40.36
314.86	103.85
315.07	118.19
315.28	99.75
315.49	-16.98
315.70	202.15
315.91	-19.03
316.12	136.62
316.33	130.47
316.54	48.56
316.76	142.76
316.97	228.78
317.18	114.09
317.39	58.80
317.60	165.29
317.81	21.93
318.02	-12.88
318.23	77.23
318.44	38.32
318.65	69.04
318.86	11.69
319.07	171.43
319.28	23.98
319.49	105.90
319.70	58.80
319.91	21.93
320.12	79.28
320.33	40.36
320.54	85.42
320.75	85.42
320.96	196.01
321.17	183.72
321.38	140.71
321.59	138.67
321.80	73.13
322.01	85.42
322.22	7.60
322.43	148.91
322.64	56.75
322.85	136.62
323.06	21.93
323.27	144.81
323.48	134.57
323.69	77.23
323.90	118.19
324.11	95.66
324.32	105.90
324.53	38.32
324.74	3.50
324.95	85.42
325.16	85.42
325.37	83.37
325.58	128.43
325.79	179.63
326.00	118.19
326.21	163.24
326.42	50.60
326.63	130.47
326.84	208.30
327.05	40.36
327.26	-10.84
327.47	71.08
327.68	101.80
327.89	71.08
328.10	75.18
328.31	-0.60
328.52	210.35
328.73	183.72
328.94	128.43
329.15	40.36
329.36	73.13
329.57	103.85
329.78	185.77
329.99	196.01
330.20	181.67
330.41	93.61
330.62	155.05
330.83	239.02
331.04	153.00
331.25	200.11
331.46	118.19
331.67	64.94
331.88	138.67
332.09	79.28
332.30	-0.60
332.51	52.65
332.72	169.39
332.93	140.71
333.14	243.11
333.35	202.15
333.56	58.80
333.77	163.24
333.98	30.12
334.19	-0.60
334.40	222.63
334.61	175.53
334.81	153.00
335.02	23.98
335.23	179.63
335.44	112.04
335.65	64.94
335.86	85.42
336.07	91.56
336.28	114.09
336.49	118.19
336.70	275.88
336.91	5.55
337.12	230.82
337.33	81.32
337.54	50.60
337.75	148.91
337.96	150.95
338.17	15.79
338.38	54.70
338.59	-21.08
338.79	122.28
339.00	79.28
339.21	-45.65
339.42	120.23
339.63	77.23
339.84	136.62
340.05	146.86
340.26	114.09
340.47	118.19
340.68	85.42
340.89	216.49
341.10	138.67
341.31	329.13
341.52	23.98
341.73	171.43
341.93	218.54
342.14	261.54
342.35	81.32
342.56	101.80
342.77	150.95
342.98	87.47
343.19	157.10
343.40	122.28
343.61	56.75
343.82	85.42
344.03	138.67
344.24	241.06
344.44	243.11
344.65	267.69
344.86	216.49
345.07	230.82
345.28	345.51
345.49	310.70
345.70	183.72
345.91	316.84
346.12	380.33
346.33	304.55
346.53	347.56
346.74	247.21
346.95	495.01
347.16	341.42
347.37	310.70
347.58	181.67
347.79	183.72
348.00	202.15
348.21	138.67
348.42	171.43
348.62	161.19
348.83	71.08
349.04	140.71
349.25	159.15
349.46	159.15
349.67	208.30
349.88	134.57
350.09	52.65
350.30	339.37
350.50	30.12
350.71	-10.84
350.92	101.80
351.13	15.79
351.34	161.19
351.55	202.15
351.76	265.64
351.97	271.78
352.17	265.64
352.38	363.94
352.59	196.01
352.80	116.14
353.01	118.19
353.22	243.11
353.43	44.46
353.63	50.60
353.84	179.63
354.05	118.19
354.26	255.40
354.47	193.96
354.68	232.87
354.89	44.46
355.10	107.95
355.30	163.24
355.51	187.82
355.72	191.91
355.93	87.47
356.14	56.75
356.35	157.10
356.55	173.48
356.76	241.06
356.97	132.52
357.18	122.28
357.39	75.18
357.60	99.75
357.81	58.80
358.01	175.53
358.22	232.87
358.43	109.99
358.64	167.34
358.85	261.54
359.06	279.98
359.26	357.80
359.47	292.26
359.68	267.69
359.89	222.63
360.10	130.47
360.31	89.51
360.51	153.00
360.72	54.70
360.93	175.53
361.14	175.53
361.35	17.84
361.56	26.03
361.76	138.67
361.97	56.75
362.18	116.14
362.39	136.62
362.60	85.42
362.81	200.11
363.01	62.89
363.22	3.50
363.43	114.09
363.64	159.15
363.85	30.12
364.05	1.45
364.26	165.29
364.47	187.82
364.68	58.80
364.89	17.84
365.09	-8.79
365.30	15.79
365.51	42.41
365.72	109.99
365.93	21.93
366.13	93.61
366.34	28.08
366.55	71.08
366.76	179.63
366.97	66.99
367.17	105.90
367.38	81.32
367.59	36.27
367.80	21.93
368.01	157.10
368.21	169.39
368.42	159.15
368.63	11.69
368.84	93.61
369.05	-35.41
369.25	81.32
369.46	-27.22
369.67	77.23
369.88	218.54
370.09	-39.51
370.29	38.32
370.50	206.25
370.71	38.32
370.92	71.08
371.12	116.14
371.33	40.36
371.54	38.32
371.75	124.33
371.96	79.28
372.16	185.77
372.37	52.65
372.58	87.47
372.79	34.22
372.99	77.23
373.20	60.84
373.41	220.58
373.62	93.61
373.82	95.66
374.03	153.00
374.24	144.81
374.45	126.38
374.65	73.13
374.86	58.80
375.07	58.80
375.28	73.13
375.48	66.99
375.69	122.28
375.90	144.81
376.11	79.28
376.31	42.41
376.52	28.08
376.73	101.80
376.94	261.54
377.14	13.74
377.35	13.74
377.56	216.49
377.77	187.82
377.97	60.84
378.18	26.03
378.39	89.51
378.60	93.61
378.80	17.84
379.01	23.98
379.22	120.23
379.43	-19.03
379.63	175.53
379.84	122.28
380.05	122.28
380.26	103.85
380.46	28.08
380.67	50.60
380.88	187.82
381.08	136.62
381.29	155.05
381.50	120.23
381.71	91.56
381.91	26.03
382.12	159.15
382.33	60.84
382.53	-88.66
382.74	79.28
382.95	191.91
383.16	26.03
383.36	263.59
383.57	122.28
383.78	142.76
383.98	-2.64
384.19	144.81
384.40	75.18
384.61	75.18
384.81	161.19
385.02	42.41
385.23	163.24
385.43	109.99
385.64	79.28
385.85	62.89
386.05	196.01
386.26	185.77
386.47	91.56
386.68	46.51
386.88	202.15
387.09	140.71
387.30	189.87
387.50	220.58
387.71	109.99
387.92	247.21
388.12	73.13
388.33	112.04
388.54	-0.60
388.74	73.13
388.95	69.04
389.16	142.76
389.37	220.58
389.57	177.58
389.78	193.96
389.99	114.09
390.19	52.65
390.40	46.51
390.61	44.46
390.81	30.12
391.02	118.19
391.23	228.78
391.43	77.23
391.64	87.47
391.85	144.81
392.05	116.14
392.26	120.23
392.47	44.46
392.67	77.23
392.88	69.04
393.09	230.82
393.29	79.28
393.50	69.04
393.71	60.84
393.91	54.70
394.12	54.70
394.33	15.79
394.53	17.84
394.74	146.86
394.94	122.28
395.15	265.64
395.36	140.71
395.56	153.00
395.77	185.77
395.98	187.82
396.18	222.63
396.39	112.04
396.60	50.60
396.80	75.18
397.01	44.46
397.22	193.96
397.42	71.08
397.63	130.47
397.83	183.72
398.04	-6.74
398.25	101.80
398.45	60.84
398.66	116.14
398.87	73.13
399.07	122.28
399.28	-19.03
399.49	191.91
399.69	38.32
399.90	95.66
400.10	91.56
400.31	126.38
400.52	32.17
400.72	-33.36
400.93	150.95
401.13	-6.74
401.34	148.91
401.55	44.46
401.75	69.04
401.96	60.84
402.17	116.14
402.37	85.42
402.58	136.62
402.78	224.68
402.99	183.72
403.20	58.80
403.40	21.93
403.61	73.13
403.81	32.17
404.02	99.75
404.23	236.97
404.43	62.89
404.64	13.74
404.84	148.91
405.05	107.95
405.26	126.38
405.46	52.65
405.67	15.79
405.87	177.58
406.08	191.91
406.29	40.36
406.49	198.06
406.70	159.15
406.90	89.51
407.11	153.00
407.32	134.57
407.52	103.85
407.73	140.71
407.93	124.33
408.14	5.55
408.34	124.33
408.55	40.36
408.76	126.38
408.96	146.86
409.17	3.50
409.37	48.56
409.58	91.56
409.78	56.75
409.99	122.28
410.20	118.19
410.40	155.05
410.61	69.04
410.81	120.23
411.02	109.99
411.22	179.63
411.43	73.13
411.64	212.39
411.84	118.19
412.05	177.58
412.25	-14.93
412.46	19.88
412.66	161.19
412.87	112.04
413.07	103.85
413.28	99.75
413.48	224.68
413.69	118.19
413.90	99.75
414.10	99.75
414.31	191.91
414.51	91.56
414.72	-51.79
414.92	85.42
415.13	114.09
415.33	161.19
415.54	46.51
415.74	130.47
415.95	21.93
416.16	107.95
416.36	105.90
416.57	136.62
416.77	161.19
416.98	165.29
417.18	134.57
417.39	15.79
417.59	310.70
417.80	222.63
418.00	175.53
418.21	232.87
418.41	136.62
418.62	48.56
418.82	177.58
419.03	273.83
419.23	216.49
419.44	148.91
419.64	109.99
419.85	130.47
420.05	292.26
420.26	85.42
420.46	109.99
420.67	19.88
420.88	87.47
421.08	212.39
421.29	26.03
421.49	42.41
421.70	42.41
421.90	163.24
422.11	228.78
422.31	175.53
422.52	257.45
422.72	179.63
422.93	132.52
423.13	245.16
423.34	134.57
423.54	112.04
423.75	5.55
423.95	146.86
424.15	187.82
424.36	202.15
424.56	116.14
424.77	144.81
424.97	73.13
425.18	122.28
425.38	85.42
425.59	85.42
425.79	208.30
426.00	167.34
426.20	255.40
426.41	120.23
426.61	13.74
426.82	181.67
427.02	144.81
427.23	144.81
427.43	155.05
427.64	165.29
427.84	204.20
428.05	126.38
428.25	208.30
428.46	157.10
428.66	196.01
428.86	294.31
429.07	71.08
429.27	177.58
429.48	234.92
429.68	130.47
429.89	206.25
430.09	243.11
430.30	202.15
430.50	132.52
430.71	224.68
430.91	196.01
431.11	333.22
431.32	120.23
431.52	208.30
431.73	142.76
431.93	239.02
432.14	165.29
432.34	193.96
432.55	155.05
432.75	191.91
432.95	128.43
433.16	85.42
433.36	263.59
433.57	263.59
433.77	196.01
433.98	208.30
434.18	253.35
434.38	224.68
434.59	322.98
434.79	198.06
435.00	165.29
435.20	288.17
435.41	241.06
435.61	300.46
435.81	374.18
436.02	275.88
436.22	310.70
436.43	212.39
436.63	282.02
436.84	191.91
437.04	300.46
437.24	304.55
437.45	345.51
437.65	245.16
437.86	284.07
438.06	312.74
438.26	386.47
438.47	226.73
438.67	277.93
438.88	470.44
439.08	216.49
439.28	308.65
439.49	306.60
439.69	347.56
439.90	230.82
440.10	204.20
440.30	320.94
440.51	404.90
440.71	351.65
440.92	239.02
441.12	468.39
441.32	275.88
441.53	343.46
441.73	402.85
441.94	476.58
442.14	449.96
442.34	282.02
442.55	243.11
442.75	286.12
442.96	263.59
443.16	533.92
443.36	382.37
443.57	372.13
443.77	374.18
443.97	511.40
444.18	339.37
444.38	370.09
444.59	441.77
444.79	396.71
444.99	384.42
445.20	320.94
445.40	277.93
445.60	396.71
445.81	302.50
446.01	519.59
446.21	335.27
446.42	284.07
446.62	310.70
446.83	427.43
447.03	318.89
447.23	361.89
447.44	361.89
447.64	314.79
447.84	431.53
448.05	318.89
448.25	478.63
448.45	468.39
448.66	304.55
448.86	443.81
449.06	353.70
449.27	419.24
449.47	300.46
449.67	447.91
449.88	380.33
450.08	341.42
450.28	302.50
450.49	474.53
450.69	333.22
450.89	419.24
451.10	288.17
451.30	335.27
451.50	236.97
451.71	208.30
451.91	353.70
452.11	236.97
452.32	255.40
452.52	306.60
452.72	380.33
452.93	402.85
453.13	290.22
453.33	333.22
453.54	288.17
453.74	284.07
453.94	466.34
454.15	411.05
454.35	515.49
454.55	273.83
454.76	236.97
454.96	374.18
455.16	202.15
455.37	220.58
455.57	245.16
455.77	388.52
455.97	288.17
456.18	228.78
456.38	185.77
456.58	437.67
456.79	177.58
456.99	396.71
457.19	239.02
457.40	171.43
457.60	228.78
457.80	306.60
458.00	216.49
458.21	251.30
458.41	142.76
458.61	175.53
458.82	198.06
459.02	249.26
459.22	234.92
459.42	204.20
459.63	167.34
459.83	300.46
460.03	273.83
460.24	306.60
460.44	271.78
460.64	261.54
460.84	232.87
461.05	191.91
461.25	312.74
461.45	327.08
461.65	286.12
461.86	294.31
462.06	327.08
462.26	247.21
462.47	296.36
462.67	173.48
462.87	136.62
463.07	167.34
463.28	114.09
463.48	193.96
463.68	173.48
463.88	243.11
464.09	341.42
464.29	220.58
464.49	216.49
464.69	370.09
464.90	308.65
465.10	318.89
465.30	357.80
465.50	142.76
465.71	171.43
465.91	169.39
466.11	294.31
466.31	251.30
466.52	187.82
466.72	288.17
466.92	196.01
467.12	87.47
467.32	249.26
467.53	153.00
467.73	81.32
467.93	257.45
468.13	241.06
468.34	212.39
468.54	292.26
468.74	153.00
468.94	206.25
469.15	298.41
469.35	136.62
469.55	122.28
469.75	193.96
469.95	177.58
470.16	247.21
470.36	314.79
470.56	314.79
470.76	167.34
470.97	142.76
471.17	218.54
471.37	253.35
471.57	251.30
471.77	173.48
471.98	249.26
472.18	126.38
472.38	206.25
472.58	316.84
472.78	347.56
472.99	-14.93
473.19	193.96
473.39	167.34
473.59	181.67
473.79	298.41
474.00	169.39
474.20	241.06
474.40	310.70
474.60	282.02
474.80	118.19
475.01	298.41
475.21	214.44
475.41	130.47
475.61	26.03
475.81	128.43
476.01	370.09
476.22	294.31
476.42	155.05
476.62	161.19
476.82	81.32
477.02	124.33
477.23	138.67
477.43	251.30
477.63	239.02
477.83	220.58
478.03	359.85
478.23	153.00
478.44	163.24
478.64	300.46
478.84	179.63
479.04	263.59
479.24	206.25
479.44	314.79
479.64	271.78
479.85	333.22
480.05	167.34
480.25	226.73
480.45	175.53
480.65	95.66
480.85	243.11
481.06	269.74
481.26	204.20
481.46	83.37
481.66	144.81
481.86	300.46
482.06	292.26
482.26	265.64
482.47	157.10
482.67	279.98
482.87	265.64
483.07	218.54
483.27	171.43
483.47	241.06
483.67	232.87
483.88	275.88
484.08	234.92
484.28	257.45
484.48	318.89
484.68	345.51
484.88	179.63
485.08	216.49
485.28	222.63
485.49	128.43
485.69	189.87
485.89	208.30
486.09	265.64
486.29	239.02
486.49	269.74
486.69	206.25
486.89	130.47
487.09	165.29
487.30	187.82
487.50	130.47
487.70	265.64
487.90	189.87
488.10	196.01
488.30	161.19
488.50	245.16
488.70	116.14
488.90	245.16
489.11	277.93
489.31	140.71
489.51	327.08
489.71	128.43
489.91	136.62
490.11	288.17
490.31	200.11
490.51	144.81
490.71	183.72
490.91	196.01
491.11	404.90
491.32	128.43
491.52	234.92
491.72	128.43
491.92	212.39
492.12	333.22
492.32	206.25
492.52	222.63
492.72	140.71
492.92	245.16
493.12	396.71
493.32	314.79
493.52	259.50
493.72	300.46
493.93	333.22
494.13	374.18
494.33	282.02
494.53	292.26
494.73	230.82
494.93	198.06
495.13	196.01
495.33	308.65
495.53	239.02
495.73	392.61
495.93	333.22
496.13	222.63
496.33	126.38
496.53	349.61
496.73	331.18
496.93	265.64
497.13	370.09
497.34	267.69
497.54	357.80
497.74	351.65
497.94	296.36
498.14	273.83
498.34	239.02
498.54	243.11
498.74	245.16
498.94	298.41
499.14	189.87
499.34	282.02
499.54	355.75
499.74	259.50
499.94	249.26
500.14	304.55
500.34	226.73
500.54	394.66
500.74	290.22
500.94	253.35
501.14	277.93
501.34	302.50
501.54	351.65
501.74	269.74
501.94	261.54
502.14	363.94
502.34	316.84
502.54	402.85
502.74	384.42
502.94	322.98
503.14	441.77
503.34	439.72
503.54	409.00
503.74	378.28
503.94	454.05
504.14	349.61
504.34	282.02
504.54	208.30
504.74	325.03
504.94	427.43
505.14	136.62
505.34	501.16
505.54	376.23
505.74	388.52
505.94	318.89
506.14	279.98
506.34	322.98
506.54	427.43
506.74	411.05
506.94	460.20
507.14	435.62
507.34	331.18
507.54	478.63
507.74	310.70
507.94	351.65
508.14	384.42
508.34	482.72
508.54	230.82
508.74	271.78
508.94	333.22
509.14	378.28
509.34	472.49
509.54	423.33
509.74	343.46
509.94	294.31
510.14	308.65
510.34	374.18
510.54	380.33
510.74	396.71
510.94	468.39
511.14	363.94
511.34	466.34
511.54	488.87
511.73	525.73
511.93	531.88
512.13	365.99
512.33	443.81
512.53	404.90
512.73	341.42
512.93	325.03
513.13	359.85
513.33	437.67
513.53	384.42
513.73	374.18
513.93	196.01
514.13	447.91
514.33	286.12
514.53	423.33
514.73	456.10
514.93	433.57
515.12	415.14
515.32	355.75
515.52	310.70
515.72	392.61
515.92	482.72
516.12	511.40
516.32	411.05
516.52	341.42
516.72	392.61
516.92	388.52
517.12	327.08
517.32	249.26
517.52	396.71
517.71	333.22
517.91	308.65
518.11	499.11
518.31	492.96
518.51	513.44
518.71	515.49
518.91	445.86
519.11	482.72
519.31	421.29
519.51	337.32
519.70	474.53
519.90	460.20
520.10	437.67
520.30	370.09
520.50	421.29
520.70	474.53
520.90	433.57
521.10	374.18
521.30	472.49
521.50	351.65
521.69	452.01
521.89	386.47
522.09	535.97
522.29	413.09
522.49	415.14
522.69	286.12
522.89	568.74
523.09	390.57
523.28	425.38
523.48	517.54
523.68	404.90
523.88	441.77
524.08	464.29
524.28	415.14
524.48	531.88
524.68	376.23
524.87	376.23
525.07	470.44
525.27	486.82
525.47	417.19
525.67	613.79
525.87	454.05
526.07	464.29
526.26	415.14
526.46	409.00
526.66	419.24
526.86	507.30
527.06	353.70
527.26	540.07
527.46	357.80
527.65	386.47
527.85	476.58
528.05	398.76
528.25	482.72
528.45	449.96
528.65	335.27
528.84	431.53
529.04	495.01
529.24	404.90
529.44	484.77
529.64	513.44
529.84	433.57
530.03	441.77
530.23	499.11
530.43	484.77
530.63	474.53
530.83	413.09
531.03	464.29
531.22	402.85
531.42	370.09
531.62	501.16
531.82	449.96
532.02	499.11
532.21	619.94
532.41	689.57
532.61	652.71
532.81	574.88
533.01	634.27
533.21	667.04
533.40	634.27
533.60	798.11
533.80	785.82
534.00	720.29
534.20	777.63
534.39	675.23
534.59	501.16
534.79	578.98
534.99	441.77
535.19	335.27
535.38	396.71
535.58	492.96
535.78	456.10
535.98	447.91
536.17	515.49
536.37	435.62
536.57	544.16
536.77	445.86
536.97	585.12
537.16	447.91
537.36	576.93
537.56	431.53
537.76	488.87
537.96	404.90
538.15	476.58
538.35	519.59
538.55	419.24
538.75	540.07
538.94	527.78
539.14	628.13
539.34	834.98
539.54	896.41
539.73	1009.05
539.93	1023.39
540.13	984.48
540.33	865.70
540.52	685.47
540.72	589.22
540.92	556.45
541.12	540.07
541.31	396.71
541.51	439.72
541.71	570.79
541.91	484.77
542.10	431.53
542.30	376.23
542.50	449.96
542.70	429.48
542.89	511.40
543.09	447.91
543.29	546.21
543.49	406.95
543.68	490.92
543.88	394.66
544.08	562.60
544.28	607.65
544.47	542.12
544.67	501.16
544.87	411.05
545.07	509.35
545.26	519.59
545.46	441.77
545.66	513.44
545.85	380.33
546.05	388.52
546.25	490.92
546.45	470.44
546.64	560.55
546.84	505.25
547.04	435.62
547.23	406.95
547.43	501.16
547.63	464.29
547.83	423.33
548.02	527.78
548.22	409.00
548.42	474.53
548.61	341.42
548.81	476.58
549.01	368.04
549.20	431.53
549.40	486.82
549.60	413.09
549.80	554.40
549.99	427.43
550.19	372.13
550.39	402.85
550.58	427.43
550.78	447.91
550.98	550.31
551.17	427.43
551.37	515.49
551.57	447.91
551.76	482.72
551.96	456.10
552.16	478.63
552.35	441.77
552.55	384.42
552.75	445.86
552.94	427.43
553.14	419.24
553.34	368.04
553.53	572.84
553.73	452.01
553.93	529.83
554.12	345.51
554.32	445.86
554.52	437.67
554.71	425.38
554.91	425.38
555.11	470.44
555.30	466.34
555.50	370.09
555.70	415.14
555.89	482.72
556.09	490.92
556.29	560.55
556.48	320.94
556.68	427.43
556.88	495.01
557.07	449.96
557.27	454.05
557.46	613.79
557.66	462.25
557.86	376.23
558.05	445.86
558.25	562.60
558.45	511.40
558.64	585.12
558.84	486.82
559.04	439.72
559.23	449.96
559.43	478.63
559.62	495.01
559.82	484.77
560.02	368.04
560.21	495.01
560.41	386.47
560.61	529.83
560.80	347.56
561.00	419.24
561.19	331.18
561.39	497.06
561.59	538.02
561.78	386.47
561.98	490.92
562.17	560.55
562.37	538.02
562.57	454.05
562.76	499.11
562.96	439.72
563.15	406.95
563.35	415.14
563.55	570.79
563.74	478.63
563.94	390.57
564.13	331.18
564.33	437.67
564.53	460.20
564.72	570.79
564.92	505.25
565.11	597.41
565.31	531.88
565.50	404.90
565.70	372.13
565.90	593.32
566.09	478.63
566.29	484.77
566.48	312.74
566.68	454.05
566.87	370.09
567.07	540.07
567.27	507.30
567.46	443.81
567.66	540.07
567.85	513.44
568.05	347.56
568.24	476.58
568.44	564.64
568.64	427.43
568.83	474.53
569.03	421.29
569.22	404.90
569.42	456.10
569.61	509.35
569.81	552.36
570.00	605.60
570.20	325.03
570.40	439.72
570.59	497.06
570.79	484.77
570.98	482.72
571.18	531.88
571.37	445.86
571.57	484.77
571.76	419.24
571.96	454.05
572.15	568.74
572.35	525.73
572.54	474.53
572.74	298.41
572.93	456.10
573.13	421.29
573.33	437.67
573.52	347.56
573.72	529.83
573.91	667.04
574.11	619.94
574.30	523.68
574.50	691.62
574.69	589.22
574.89	613.79
575.08	488.87
575.28	544.16
575.47	640.42
575.67	912.80
575.86	1093.02
576.06	1146.27
576.25	1150.36
576.45	1023.39
576.64	834.98
576.84	736.67
577.03	652.71
577.23	601.51
577.42	566.69
577.62	525.73
577.81	544.16
578.01	527.78
578.20	443.81
578.40	523.68
578.59	318.89
578.79	499.11
578.98	531.88
579.18	564.64
579.37	525.73
579.57	578.98
579.76	595.36
579.95	714.15
580.15	667.04
580.34	507.30
580.54	595.36
580.73	677.28
580.93	669.09
581.12	701.86
581.32	880.03
581.51	908.70
581.71	906.65
581.90	1058.20
582.10	757.15
582.29	775.58
582.49	830.88
582.68	646.56
582.87	675.23
583.07	533.92
583.26	521.64
583.46	662.95
583.65	837.02
583.85	1580.44
584.04	5350.75
584.24	12334.32
584.43	21494.88
584.62	29494.25
584.82	33153.97
585.01	32312.26
585.21	26885.14
585.40	21525.60
585.60	14595.28
585.79	9964.82
585.99	6821.19
586.18	4848.99
586.37	3376.50
586.57	2481.54
586.76	2129.29
586.96	3102.08
587.15	5322.08
587.34	8447.28
587.54	11312.38
587.73	12535.02
587.93	12186.87
588.12	10556.68
588.32	8590.63
588.51	6045.01
588.70	4035.95
588.90	2946.43
589.09	2143.63
589.29	1774.99
589.48	1406.36
589.67	1160.60
589.87	1193.37
590.06	1072.54
590.26	1027.48
590.45	894.37
590.64	812.45
590.84	816.54
591.03	634.27
591.23	683.43
591.42	685.47
591.61	720.29
591.81	544.16
592.00	640.42
592.20	611.75
592.39	689.57
592.58	640.42
592.78	636.32
592.97	871.84
593.16	2069.90
593.36	5670.23
593.55	10583.31
593.75	16235.70
593.94	19516.55
594.13	20153.46
594.33	18058.39
594.52	14953.67
594.71	10765.58
594.91	7218.49
595.10	5018.98
595.29	3411.32
595.49	2612.61
595.68	1981.84
595.88	1437.08
596.07	1293.72
596.26	1717.65
596.46	2571.65
596.65	3908.98
596.84	5248.35
597.04	6002.00
597.23	5958.99
597.42	5029.22
597.62	4101.49
597.81	3165.56
598.00	2266.51
598.20	1641.88
598.39	1322.39
598.58	1148.31
598.78	877.98
598.97	949.66
599.16	757.15
599.36	660.90
599.55	738.72
599.74	589.22
599.94	613.79
600.13	497.06
600.32	529.83
600.52	499.11
600.71	472.49
600.90	462.25
601.10	632.23
601.29	630.18
601.48	687.52
601.68	1080.73
601.87	2059.66
602.06	3720.56
602.25	4990.30
602.45	6010.19
602.64	6020.43
602.83	5414.23
603.03	4418.92
603.22	3536.25
603.41	2348.42
603.61	1785.23
603.80	1428.89
603.99	1054.11
604.18	875.93
604.38	783.78
604.57	804.26
604.76	726.43
604.96	605.60
605.15	533.92
605.34	701.86
605.53	626.08
605.73	568.74
605.92	1019.29
606.11	2231.69
606.31	5115.23
606.50	9145.63
606.69	13456.61
606.88	15340.74
607.08	15455.42
607.27	13622.49
607.46	11238.66
607.65	8527.15
607.85	5717.33
608.04	4146.54
608.23	4193.64
608.42	7042.37
608.62	11814.14
608.81	17718.43
609.00	21949.53
609.19	22582.36
609.39	20448.37
609.58	16854.19
609.77	13415.65
609.96	8615.21
610.16	5897.55
610.35	4216.17
610.54	2891.14
610.73	2188.68
610.93	1592.72
611.12	1146.27
611.31	1275.29
611.50	1158.55
611.70	1119.64
611.89	1176.99
612.08	1490.33
612.27	1678.74
612.47	1709.46
612.66	1592.72
612.85	2846.08
613.04	6624.58
613.23	14111.96
613.43	23231.56
613.62	31052.75
613.81	33977.25
614.00	32424.89
614.20	27853.83
614.39	22201.43
614.58	15269.06
614.77	10142.99
614.96	7933.24
615.16	7609.66
615.35	9067.81
615.54	11052.29
615.73	12717.29
615.92	13163.75
616.12	11523.32
616.31	9315.61
616.50	7370.04
616.69	5094.75
616.88	3468.66
617.08	2610.56
617.27	1961.36
617.46	1414.55
617.65	1127.84
617.84	1062.30
618.04	767.39
618.23	796.06
618.42	701.86
618.61	570.79
618.80	519.59
618.99	574.88
619.19	648.61
619.38	583.08
619.57	566.69
619.76	495.01
619.95	511.40
620.14	710.05
620.34	1605.01
620.53	3302.78
620.72	6196.56
620.91	9082.15
621.10	10976.52
621.29	11271.42
621.49	10030.36
621.68	8576.30
621.87	6409.55
622.06	4334.95
622.25	3188.09
622.44	2305.42
622.63	1535.38
622.83	1224.09
623.02	1015.20
623.21	900.51
623.40	732.58
623.59	644.51
623.78	562.60
623.97	607.65
624.17	607.65
624.36	585.12
624.55	736.67
624.74	572.84
624.93	697.76
625.12	1299.86
625.31	3569.01
625.51	8070.45
625.70	13825.24
625.89	18887.82
626.08	21568.61
626.27	21437.54
626.46	18418.84
626.65	15072.45
626.84	10880.26
627.03	7064.90
627.23	4879.71
627.42	3505.53
627.61	2510.21
627.80	1787.28
627.99	1375.64
628.18	1115.55
628.37	1015.20
628.56	802.21
628.75	849.31
628.94	859.55
629.14	1992.08
629.33	3577.21
629.52	5551.45
629.71	7503.16
629.90	8439.08
630.09	8367.40
630.28	7228.73
630.47	6163.79
630.66	4390.25
630.85	3298.68
631.04	2117.00
631.24	1697.17
631.43	1379.74
631.62	1187.23
631.81	1342.87
632.00	3083.65
632.19	8033.59
632.38	14931.14
632.57	22930.51
632.76	28103.68
632.95	29524.97
633.14	26962.96
633.33	22617.17
633.52	17609.89
633.71	11756.79
633.90	7992.63
634.10	5490.01
634.29	3958.13
634.48	2803.07
634.67	2092.43
634.86	1719.70
635.05	1260.95
635.24	1174.94
635.43	925.09
635.62	947.61
635.81	746.91
636.00	667.04
636.19	849.31
636.38	810.40
636.57	949.66
636.76	2069.90
636.95	5975.38
637.14	13057.25
637.33	21767.26
637.52	29107.18
637.71	33131.44
637.90	31491.02
638.09	27390.99
638.28	22088.80
638.47	16309.43
638.66	13001.96
638.85	16792.75
639.04	26620.95
639.23	40604.48
639.42	52939.40
639.61	59226.66
639.80	57993.78
639.99	50062.00
640.19	40958.78
640.38	29549.55
640.57	19909.76
640.76	13825.24
640.95	9291.04
641.14	6341.96
641.33	4326.76
641.52	3161.47
641.70	2405.77
641.89	1772.95
642.08	1375.64
642.27	1187.23
642.46	1076.64
642.65	869.79
642.84	523.68
643.03	675.23
643.22	593.32
643.41	568.74
643.60	449.96
643.79	607.65
643.98	521.64
644.17	587.17
644.36	484.77
644.55	615.84
644.74	556.45
644.93	447.91
645.12	382.37
645.31	497.06
645.50	378.28
645.69	380.33
645.88	478.63
646.07	400.81
646.26	347.56
646.45	572.84
646.64	372.13
646.83	515.49
647.02	513.44
647.21	480.68
647.40	562.60
647.59	433.57
647.77	474.53
647.96	355.75
648.15	546.21
648.34	478.63
648.53	538.02
648.72	646.56
648.91	853.41
649.10	2098.57
649.29	6452.55
649.48	13581.53
649.67	21490.79
649.86	28468.22
650.05	31437.77
650.24	30348.25
650.43	25457.70
650.61	20814.96
650.80	14656.72
650.99	9968.92
651.18	6950.21
651.37	4912.48
651.56	3470.71
651.75	3370.36
651.94	4978.02
652.13	7986.48
652.32	11795.70
652.51	14922.95
652.69	15514.82
652.88	14654.67
653.07	12039.41
653.26	9874.71
653.45	6903.11
653.64	4945.25
653.83	3384.70
654.02	2530.69
654.21	1803.66
654.40	1451.41
654.58	1039.77
654.77	800.16
654.96	773.54
655.15	703.91
655.34	611.75
655.53	581.03
655.72	519.59
655.91	431.53
656.09	386.47
656.28	361.89
656.47	349.61
656.66	308.65
656.85	343.46
657.04	341.42
657.23	402.85
657.42	349.61
657.60	495.01
657.79	365.99
657.98	443.81
658.17	683.43
658.36	1777.04
658.55	4699.49
658.73	8727.85
658.92	13720.79
659.11	17128.61
659.30	17822.88
659.49	16671.92
659.68	13948.12
659.87	11285.76
660.05	7902.52
660.24	5387.61
660.43	3757.43
660.62	2700.68
660.81	1830.29
661.00	1510.81
661.18	1129.88
661.37	814.50
661.56	783.78
661.75	648.61
661.94	626.08
662.13	535.97
662.31	437.67
662.50	429.48
662.69	540.07
662.88	335.27
663.07	409.00
663.25	409.00
663.44	456.10
663.63	261.54
663.82	314.79
664.01	347.56
664.20	435.62
664.38	714.15
664.57	417.19
664.76	548.26
664.95	495.01
665.14	409.00
665.32	353.70
665.51	525.73
665.70	509.35
665.89	472.49
666.07	968.09
666.26	2987.39
666.45	8070.45
666.64	15105.22
666.83	23176.27
667.01	28738.55
667.20	30837.72
667.39	28584.95
667.58	23823.42
667.77	19432.58
667.95	13626.59
668.14	9458.97
668.33	6550.86
668.52	4601.19
668.70	3165.56
668.89	2139.53
669.08	1529.24
669.27	1359.26
669.45	1047.96
669.64	1303.96
669.83	906.65
670.02	1273.24
670.20	3405.18
670.39	7355.71
670.58	12266.74
670.77	16628.91
670.95	19506.31
671.14	19715.20
671.33	17337.51
671.52	14521.55
671.70	11212.03
671.89	7703.86
672.08	5526.87
672.27	3695.99
672.45	2618.76
672.64	1832.34
672.83	1277.34
673.02	968.09
673.20	818.59
673.39	753.06
673.58	556.45
673.76	482.72
673.95	503.20
674.14	351.65
674.33	384.42
674.51	279.98
674.70	482.72
674.89	562.60
675.07	437.67
675.26	298.41
675.45	359.85
675.64	392.61
675.82	277.93
676.01	232.87
676.20	365.99
676.38	290.22
676.57	245.16
676.76	355.75
676.95	99.75
677.13	222.63
677.32	343.46
677.51	462.25
677.69	273.83
677.88	294.31
678.07	476.58
678.25	337.32
678.44	314.79
678.63	345.51
678.81	171.43
679.00	218.54
679.19	171.43
679.37	282.02
679.56	230.82
679.75	269.74
679.93	378.28
680.12	257.45
680.31	353.70
680.49	251.30
680.68	300.46
680.87	318.89
681.05	159.15
681.24	155.05
681.43	413.09
681.61	343.46
681.80	335.27
681.99	255.40
682.17	210.35
682.36	173.48
682.55	368.04
682.73	93.61
682.92	333.22
683.11	218.54
683.29	433.57
683.48	187.82
683.66	159.15
683.85	138.67
684.04	216.49
684.22	189.87
684.41	165.29
684.60	320.94
684.78	175.53
684.97	216.49
685.16	302.50
685.34	335.27
685.53	275.88
685.71	191.91
685.90	161.19
686.09	136.62
686.27	288.17
686.46	230.82
686.64	253.35
686.83	374.18
687.02	179.63
687.20	275.88
687.39	406.95
687.58	259.50
687.76	298.41
687.95	255.40
688.13	302.50
688.32	261.54
688.50	341.42
688.69	499.11
688.88	363.94
689.06	255.40
689.25	267.69
689.43	175.53
689.62	392.61
689.81	216.49
689.99	185.77
690.18	316.84
690.36	331.18
690.55	409.00
690.73	300.46
690.92	425.38
691.11	822.69
691.29	2223.50
691.48	5956.95
691.66	11252.99
691.85	16719.02
692.03	20192.38
692.22	21908.57
692.41	19700.86
692.59	16471.22
692.78	13634.78
692.96	9942.29
693.15	6839.62
693.33	4707.68
693.52	3462.52
693.70	2459.01
693.89	1815.95
694.08	1287.58
694.26	1039.77
694.45	853.41
694.63	583.08
694.82	617.89
695.00	527.78
695.19	409.00
695.37	392.61
695.56	277.93
695.74	466.34
695.93	310.70
696.11	318.89
696.30	495.01
696.48	218.54
696.67	335.27
696.86	191.91
697.04	439.72
697.23	120.23
697.41	189.87
697.60	275.88
697.78	339.37
697.97	325.03
698.15	306.60
698.34	400.81
698.52	345.51
698.71	409.00
698.89	351.65
699.08	404.90
699.26	470.44
699.45	312.74
699.63	368.04
699.82	351.65
700.00	443.81
700.19	480.68
700.37	431.53
700.56	519.59
700.74	703.91
700.93	1203.61
701.11	1959.31
701.30	2717.06
701.48	5707.09
701.66	13405.41
701.85	25834.53
702.03	38955.87
702.22	49574.58
702.40	54178.42
702.59	52089.49
702.77	44249.87
702.96	37086.07
703.14	28390.40
703.33	19616.90
703.51	14208.21
703.70	9991.44
703.88	7087.42
704.07	5129.57
704.25	3976.56
704.43	3040.64
704.62	2588.04
704.80	2067.85
704.99	1729.94
705.17	1469.85
705.36	1215.90
705.54	1129.88
705.73	822.69
705.91	673.19
706.09	712.10
706.28	421.29
706.46	413.09
706.65	394.66
706.83	314.79
707.02	368.04
707.20	232.87
707.38	255.40
707.57	247.21
707.75	236.97
707.94	200.11
708.12	314.79
708.31	279.98
708.49	267.69
708.67	179.63
708.86	292.26
709.04	257.45
709.23	161.19
709.41	175.53
709.59	292.26
709.78	308.65
709.96	224.68
710.15	196.01
710.33	300.46
710.51	382.37
710.70	144.81
710.88	226.73
711.07	241.06
711.25	357.80
711.43	292.26
711.62	261.54
711.80	267.69
711.98	241.06
712.17	282.02
712.35	282.02
712.54	251.30
712.72	220.58
712.90	214.44
713.09	144.81
713.27	322.98
713.45	185.77
713.64	77.23
713.82	277.93
714.01	476.58
714.19	181.67
714.37	320.94
714.56	206.25
714.74	316.84
714.92	173.48
715.11	126.38
715.29	206.25
715.47	275.88
715.66	857.50
715.84	1641.88
716.02	2440.58
716.21	3253.63
716.39	4038.00
716.57	4312.43
716.76	3632.50
716.94	2876.80
717.13	2571.65
717.31	1951.12
717.49	1461.65
717.67	1150.36
717.86	802.21
718.04	619.94
718.22	540.07
718.41	505.25
718.59	392.61
718.77	253.35
718.96	327.08
719.14	443.81
719.32	284.07
719.51	406.95
719.69	468.39
719.87	232.87
720.06	165.29
720.24	169.39
720.42	99.75
720.61	187.82
720.79	253.35
720.97	335.27
721.15	286.12
721.34	193.96
721.52	259.50
721.70	288.17
721.89	294.31
722.07	345.51
722.25	482.72
722.43	523.68
722.62	1168.79
722.80	3841.39
722.98	8037.68
723.17	12418.29
723.35	16886.95
723.53	19025.03
723.71	19342.47
723.90	16360.63
724.08	13462.75
724.26	10870.02
724.44	7687.48
724.63	5576.02
724.81	4101.49
724.99	3149.18
725.18	2354.57
725.36	1736.08
725.54	1416.60
725.72	1037.72
725.91	834.98
726.09	652.71
726.27	583.08
726.45	511.40
726.64	421.29
726.82	435.62
727.00	253.35
727.18	284.07
727.37	247.21
727.55	249.26
727.73	144.81
727.91	120.23
728.09	128.43
728.28	282.02
728.46	212.39
728.64	159.15
728.82	257.45
729.01	220.58
729.19	226.73
729.37	275.88
729.55	124.33
729.73	196.01
729.92	189.87
730.10	87.47
730.28	333.22
730.46	210.35
730.65	202.15
730.83	112.04
731.01	222.63
731.19	58.80
731.37	163.24
731.56	210.35
731.74	87.47
731.92	130.47
732.10	193.96
732.28	206.25
732.47	206.25
732.65	134.57
732.83	87.47
733.01	155.05
733.19	105.90
733.37	105.90
733.56	204.20
733.74	128.43
733.92	118.19
734.10	153.00
734.28	116.14
734.46	126.38
734.65	75.18
734.83	206.25
735.01	128.43
735.19	101.80
735.37	93.61
735.55	394.66
735.74	316.84
735.92	73.13
736.10	144.81
736.28	263.59
736.46	109.99
736.64	73.13
736.83	103.85
737.01	155.05
737.19	130.47
737.37	79.28
737.55	157.10
737.73	48.56
737.91	202.15
738.10	196.01
738.28	177.58
738.46	142.76
738.64	120.23
738.82	130.47
739.00	-2.64
739.18	99.75
739.36	196.01
739.55	142.76
739.73	279.98
739.91	109.99
740.09	177.58
740.27	5.55
740.45	189.87
740.63	109.99
740.81	167.34
741.00	107.95
741.18	155.05
741.36	200.11
741.54	167.34
741.72	277.93
741.90	439.72
742.08	1136.03
742.26	2057.61
742.44	3147.13
742.62	4275.56
742.80	4810.08
742.99	4568.42
743.17	3939.70
743.35	3263.87
743.53	2655.62
743.71	1893.78
743.89	1420.69
744.07	1172.89
744.25	957.85
744.43	742.82
744.61	552.36
744.79	439.72
744.97	531.88
745.16	374.18
745.34	351.65
745.52	177.58
745.70	279.98
745.88	560.55
746.06	462.25
746.24	294.31
746.42	165.29
746.60	144.81
746.78	239.02
746.96	376.23
747.14	642.47
747.32	730.53
747.50	1062.30
747.68	1172.89
747.86	1232.28
748.04	992.67
748.22	1043.87
748.40	802.21
748.58	722.34
748.77	572.84
748.95	384.42
749.13	365.99
749.31	308.65
749.49	208.30
749.67	185.77
749.85	193.96
750.03	277.93
750.21	60.84
750.39	318.89
750.57	97.71
750.75	232.87
750.93	66.99
751.11	128.43
751.29	101.80
751.47	234.92
751.65	302.50
751.83	409.00
752.01	652.71
752.19	986.53
752.37	1097.12
752.55	1254.81
752.73	1252.76
752.91	1265.05
753.09	1097.12
753.27	925.09
753.45	798.11
753.63	652.71
753.81	576.93
753.99	476.58
754.17	458.15
754.35	429.48
754.53	333.22
754.71	347.56
754.89	224.68
755.07	265.64
755.25	241.06
755.42	161.19
755.60	163.24
755.78	351.65
755.96	196.01
756.14	251.30
756.32	71.08
756.50	11.69
756.68	120.23
756.86	171.43
757.04	140.71
757.22	54.70
757.40	138.67
757.58	228.78
757.76	130.47
757.94	-10.84
758.12	175.53
758.30	214.44
758.48	165.29
758.66	193.96
758.84	187.82
759.01	253.35
759.19	-29.27
759.37	187.82
759.55	30.12
759.73	79.28
759.91	206.25
760.09	120.23
760.27	181.67
760.45	140.71
760.63	185.77
760.81	359.85
760.99	255.40
761.17	93.61
761.34	198.06
761.52	99.75
761.70	132.52
761.88	-41.56
762.06	165.29
762.24	161.19
762.42	87.47
762.60	89.51
762.78	138.67
762.96	124.33
763.13	167.34
763.31	21.93
763.49	124.33
763.67	112.04
763.85	122.28
764.03	208.30
764.21	130.47
764.39	179.63
764.56	79.28
764.74	103.85
764.92	99.75
765.10	-41.56
765.28	38.32
765.46	243.11
765.64	357.80
765.82	150.95
765.99	1.45
766.17	181.67
766.35	69.04
766.53	191.91
766.71	30.12
766.89	243.11
767.07	167.34
767.24	5.55
767.42	206.25
767.60	62.89
767.78	64.94
767.96	-59.99
768.14	234.92
768.31	144.81
768.49	103.85
768.67	116.14
768.85	71.08
769.03	189.87
769.21	130.47
769.38	243.11
769.56	189.87
769.74	128.43
769.92	210.35
770.10	124.33
770.28	253.35
770.45	23.98
770.63	226.73
770.81	71.08
770.99	118.19
771.17	155.05
771.34	163.24
771.52	224.68
771.70	62.89
771.88	142.76
772.06	257.45
772.23	163.24
772.41	159.15
772.59	146.86
772.77	142.76
772.95	118.19
773.12	-6.74
773.30	277.93
773.48	107.95
773.66	83.37
773.84	109.99
774.01	193.96
774.19	66.99
774.37	171.43
774.55	173.48
774.72	191.91
774.90	140.71
775.08	81.32
775.26	54.70
775.44	-102.99
775.61	13.74
775.79	79.28
775.97	81.32
776.15	99.75
776.32	83.37
776.50	150.95
776.68	71.08
776.86	-37.46
777.03	138.67
777.21	87.47
777.39	138.67
777.57	159.15
777.74	150.95
777.92	64.94
778.10	220.58
778.28	200.11
778.45	251.30
778.63	120.23
778.81	226.73
778.98	232.87
779.16	189.87
779.34	316.84
779.52	114.09
779.69	103.85
779.87	247.21
780.05	87.47
780.22	120.23
780.40	202.15
780.58	89.51
780.76	130.47
780.93	44.46
781.11	161.19
781.29	150.95
781.46	146.86
781.64	144.81
781.82	77.23
782.00	17.84
782.17	185.77
782.35	159.15
782.53	11.69
782.70	97.71
782.88	128.43
783.06	175.53
783.23	128.43
783.41	101.80
783.59	216.49
783.76	97.71
783.94	216.49
784.12	30.12
784.29	101.80
784.47	7.60
784.65	134.57
784.82	222.63
785.00	173.48
785.18	73.13
785.35	216.49
785.53	44.46
785.71	73.13
785.88	224.68
786.06	220.58
786.24	77.23
786.41	212.39
786.59	91.56
786.77	71.08
786.94	105.90
787.12	34.22
787.30	124.33
787.47	128.43
787.65	17.84
787.83	64.94
788.00	153.00
788.18	1.45
788.35	126.38
788.53	-10.84
788.71	253.35
788.88	140.71
789.06	142.76
789.24	46.51
789.41	64.94
789.59	48.56
789.76	17.84
789.94	85.42
790.12	179.63
790.29	163.24
790.47	255.40
790.65	138.67
790.82	97.71
791.00	153.00
791.17	105.90
791.35	146.86
791.53	202.15
791.70	159.15
791.88	79.28
792.05	132.52
792.23	21.93
792.41	269.74
792.58	175.53
792.76	130.47
792.93	120.23
793.11	212.39
793.28	167.34
793.46	163.24
793.64	222.63
793.81	120.23
793.99	239.02
794.16	118.19
794.34	112.04
794.51	230.82
794.69	146.86
794.87	7.60
795.04	142.76
795.22	105.90
795.39	44.46
795.57	198.06
795.74	75.18
795.92	75.18
796.09	185.77
796.27	204.20
796.45	81.32
796.62	247.21
796.80	198.06
796.97	169.39
797.15	193.96
797.32	107.95
797.50	-8.79
797.67	247.21
797.85	75.18
798.02	81.32
798.20	134.57
798.37	208.30
798.55	62.89
798.72	118.19
798.90	191.91
799.08	177.58
799.25	36.27
799.43	101.80
799.60	122.28
799.78	97.71
799.95	157.10
800.13	89.51
800.30	60.84
800.48	183.72
800.65	105.90
800.83	155.05
801.00	204.20
801.18	93.61
801.35	81.32
801.53	89.51
801.70	134.57
801.88	273.83
802.05	101.80
802.23	333.22
802.40	58.80
802.58	208.30
802.75	17.84
802.92	97.71
803.10	50.60
803.27	191.91
803.45	163.24
803.62	189.87
803.80	202.15
803.97	136.62
804.15	142.76
804.32	132.52
804.50	142.76
804.67	87.47
804.85	77.23
805.02	79.28
805.20	177.58
805.37	179.63
805.54	89.51
805.72	21.93
805.89	189.87
806.07	95.66
806.24	218.54
806.42	146.86
806.59	132.52
806.77	157.10
806.94	241.06
807.11	71.08
807.29	234.92
807.46	93.61
807.64	193.96
807.81	138.67
807.99	204.20
808.16	218.54
808.33	153.00
808.51	150.95
808.68	138.67
808.86	134.57
809.03	157.10
809.20	193.96
809.38	165.29
809.55	114.09
809.73	134.57
809.90	232.87
810.07	95.66
810.25	64.94
810.42	267.69
810.60	183.72
810.77	-47.70
810.94	167.34
811.12	122.28
811.29	130.47
811.47	134.57
811.64	226.73
811.81	251.30
811.99	159.15
812.16	302.50
812.33	220.58
812.51	353.70
812.68	132.52
812.86	208.30
813.03	179.63
813.20	177.58
813.38	257.45
813.55	200.11
813.72	116.14
813.90	60.84
814.07	234.92
814.24	109.99
814.42	95.66
814.59	196.01
814.77	138.67
814.94	-2.64
815.11	255.40
815.29	212.39
815.46	167.34
815.63	359.85
815.81	58.80
815.98	136.62
816.15	136.62
816.33	163.24
816.50	239.02
816.67	128.43
816.85	234.92
817.02	-21.08
817.19	85.42
817.37	206.25
817.54	257.45
817.71	169.39
817.89	107.95
818.06	71.08
818.23	130.47
818.40	183.72
818.58	38.32
818.75	101.80
818.92	198.06
819.10	130.47
819.27	173.48
819.44	130.47
819.62	54.70
819.79	165.29
819.96	128.43
820.13	290.22
820.31	114.09
820.48	112.04
820.65	101.80
820.83	153.00
821.00	118.19
821.17	214.44
821.34	116.14
821.52	91.56
821.69	73.13
821.86	52.65
822.03	124.33
822.21	99.75
822.38	265.64
822.55	95.66
822.73	105.90
822.90	105.90
823.07	32.17
823.24	48.56
823.42	247.21
823.59	167.34
823.76	99.75
823.93	120.23
824.11	114.09
824.28	173.48
824.45	222.63
824.62	306.60
824.80	148.91
824.97	146.86
825.14	105.90
825.31	167.34
825.48	105.90
825.66	101.80
825.83	114.09
826.00	212.39
826.17	-8.79
826.35	155.05
826.52	200.11
826.69	56.75
826.86	99.75
827.03	157.10
827.21	239.02
827.38	54.70
827.55	191.91
827.72	175.53
827.90	290.22
828.07	279.98
828.24	290.22
828.41	267.69
828.58	226.73
828.75	335.27
828.93	286.12
829.10	241.06
829.27	167.34
829.44	261.54
829.61	273.83
829.79	126.38
829.96	-2.64
830.13	234.92
830.30	124.33
830.47	114.09
830.65	245.16
830.82	286.12
830.99	148.91
831.16	261.54
831.33	273.83
831.50	153.00
831.68	81.32
831.85	218.54
832.02	165.29
832.19	185.77
832.36	93.61
832.53	206.25
832.70	109.99
832.88	161.19
833.05	124.33
833.22	148.91
833.39	191.91
833.56	165.29
833.73	140.71
833.90	167.34
834.08	185.77
834.25	124.33
834.42	-29.27
834.59	353.70
834.76	60.84
834.93	273.83
835.10	277.93
835.27	439.72
835.45	513.44
835.62	488.87
835.79	720.29
835.96	726.43
836.13	757.15
836.30	748.96
836.47	691.62
836.64	669.09
836.81	560.55
836.99	492.96
837.16	507.30
837.33	482.72
837.50	361.89
837.67	249.26
837.84	273.83
838.01	409.00
838.18	300.46
838.35	253.35
838.52	134.57
838.69	187.82
838.87	142.76
839.04	165.29
839.21	230.82
839.38	255.40
839.55	234.92
839.72	179.63
839.89	206.25
840.06	234.92
840.23	109.99
840.40	482.72
840.57	230.82
840.74	236.97
840.91	224.68
841.08	341.42
841.25	196.01
841.42	204.20
841.60	239.02
841.77	79.28
841.94	222.63
842.11	253.35
842.28	232.87
842.45	204.20
842.62	60.84
842.79	265.64
842.96	159.15
843.13	177.58
843.30	191.91
843.47	290.22
843.64	128.43
843.81	-37.46
843.98	120.23
844.15	148.91
844.32	105.90
844.49	232.87
844.66	128.43
844.83	93.61
845.00	196.01
845.17	165.29
845.34	89.51
845.51	122.28
845.68	64.94
845.85	26.03
846.02	112.04
846.19	122.28
846.36	1.45
846.53	812.45
846.70	95.66
846.87	177.58
847.04	312.74
847.21	361.89
847.38	349.61
847.55	400.81
847.72	384.42
847.89	452.01
848.06	357.80
848.23	406.95
848.40	384.42
848.57	187.82
848.74	300.46
848.91	294.31
849.08	290.22
849.25	380.33
849.42	312.74
849.59	185.77
849.76	484.77
849.93	327.08
850.09	282.02
850.26	165.29
850.43	105.90
850.60	148.91
850.77	114.09
850.94	136.62
851.11	50.60
851.28	140.71
851.45	91.56
851.62	208.30
851.79	226.73
851.96	77.23
852.13	9.64
852.30	71.08
852.47	189.87
852.63	277.93
852.80	177.58
852.97	44.46
853.14	208.30
853.31	21.93
853.48	103.85
853.65	126.38
853.82	216.49
853.99	146.86
854.16	187.82
854.33	140.71
854.49	77.23
854.66	105.90
854.83	140.71
855.00	91.56
855.17	136.62
855.34	181.67
855.51	222.63
855.68	181.67
855.85	167.34
856.01	103.85
856.18	-12.88
856.35	150.95
856.52	142.76
856.69	136.62
856.86	208.30
857.03	163.24
857.20	212.39
857.36	97.71
857.53	232.87
857.70	116.14
857.87	200.11
858.04	109.99
858.21	191.91
858.38	183.72
858.54	130.47
858.71	210.35
858.88	95.66
859.05	265.64
859.22	122.28
859.39	181.67
859.56	11.69
859.72	255.40
859.89	230.82
860.06	189.87
860.23	46.51
860.40	222.63
860.57	107.95
860.73	128.43
860.90	52.65
861.07	210.35
861.24	183.72
861.41	60.84
861.57	165.29
861.74	396.71
861.91	216.49
862.08	112.04
862.25	183.72
862.41	210.35
862.58	138.67
862.75	200.11
862.92	114.09
863.09	134.57
863.25	191.91
863.42	273.83
863.59	265.64
863.76	318.89
863.93	214.44
864.09	337.32
864.26	136.62
864.43	187.82
864.60	220.58
864.77	243.11
864.93	112.04
865.10	169.39
865.27	112.04
865.44	114.09
865.60	241.06
865.77	193.96
865.94	353.70
866.11	370.09
866.27	56.75
866.44	347.56
866.61	200.11
866.78	153.00
866.94	91.56
867.11	165.29
867.28	239.02
867.45	185.77
867.61	245.16
867.78	118.19
867.95	36.27
868.12	243.11
868.28	179.63
868.45	134.57
868.62	216.49
868.79	103.85
868.95	142.76
869.12	150.95
869.29	116.14
869.45	140.71
869.62	155.05
869.79	198.06
869.96	243.11
870.12	179.63
870.29	300.46
870.46	200.11
870.62	191.91
870.79	193.96
870.96	224.68
871.13	171.43
871.29	9.64
871.46	179.63
871.63	116.14
871.79	97.71
871.96	142.76
872.13	79.28
872.29	286.12
872.46	73.13
872.63	202.15
872.79	7.60
872.96	134.57
873.13	138.67
873.30	224.68
873.46	161.19
873.63	48.56
873.80	89.51
873.96	66.99
874.13	279.98
874.30	185.77
874.46	265.64
874.63	136.62
874.79	204.20
874.96	251.30
875.13	50.60
875.29	284.07
875.46	189.87
875.63	292.26
875.79	222.63
875.96	89.51
876.13	177.58
876.29	210.35
876.46	253.35
876.63	257.45
876.79	249.26
876.96	202.15
877.12	183.72
877.29	163.24
877.46	304.55
877.62	200.11
877.79	267.69
877.96	95.66
878.12	126.38
878.29	398.76
878.45	163.24
878.62	128.43
878.79	109.99
878.95	142.76
879.12	126.38
879.28	134.57
879.45	50.60
879.62	187.82
879.78	62.89
879.95	134.57
880.11	52.65
880.28	130.47
880.45	138.67
880.61	128.43
880.78	64.94
880.94	77.23
881.11	173.48
881.28	150.95
881.44	136.62
881.61	140.71
881.77	212.39
881.94	218.54
882.10	191.91
882.27	189.87
882.43	171.43
882.60	5.55
882.77	71.08
882.93	69.04
883.10	218.54
883.26	202.15
883.43	202.15
883.59	66.99
883.76	112.04
883.92	109.99
884.09	253.35
884.26	214.44
884.42	144.81
884.59	126.38
884.75	171.43
884.92	48.56
885.08	95.66
885.25	99.75
885.41	99.75
885.58	282.02
885.74	153.00
885.91	-33.36
886.07	208.30
